8216.46, -0.164192, -0.301617, 0.738621, 0.825458, 0.56081, 0.0283781, -0.0574921, -0.114484, 0.773624, 0.77509, 0.056539, 0.983863, 0.118825, 0.121231
# 8216.46,0.369374,0.922588,0.111334,-0.164192,0.929114,-0.364374,-0.0630853,-0.301617,-0.0176345,0.126744,-0.991779,0.738621,0,0,0,1,-0.000993432,-0.00382754,-0.00118245,-3.58311e-07,1.85621e-07,3.05923e-07,-3.77776e-12,-1.11376e-11,4.7601e-12,-0.964213,0.140064,-0.225112,-0.114484,0.0824428,0.965368,0.247523,0.773624,0.251985,0.220106,-0.942368,0.77509,0,0,0,1,-0.0213067,0.0287493,0.0153351,-3.46364e-08,1.92688e-08,-1.15395e-07,3.15564e-11,3.19646e-11,-1.95359e-12
9443.84, -0.165325, -0.306185, 0.737186, 0.825179, 0.561297, 0.0280695, -0.0568926, -0.140131, 0.808223, 0.793502, 0.0501297, 0.984045, 0.119609, 0.121802
# 9443.84,0.368315,0.923148,0.110192,-0.165325,0.929536,-0.363417,-0.0623824,-0.306185,-0.0175425,0.125404,-0.991951,0.737186,0,0,0,1,-0.000987067,-0.00382124,-0.00118421,-1.02816e-06,5.46626e-07,8.46483e-07,-9.00291e-11,-3.62474e-11,9.68213e-12,-0.965303,0.127797,-0.227726,-0.140131,0.0695225,0.966361,0.247613,0.808223,0.25171,0.22319,-0.941716,0.793502,0,0,0,1,-0.0213257,0.0287226,0.0152656,-9.93119e-08,3.57362e-07,-6.84317e-07,3.59521e-10,3.58208e-10,-3.57179e-11
10620.6, -0.166436, -0.310468, 0.735806, 0.824959, 0.561693, 0.027779, -0.0563148, -0.164416, 0.840948, 0.810833, 0.0438865, 0.984188, 0.120374, 0.122306
# 10620.6,0.367458,0.923619,0.109096,-0.166436,0.929877,-0.362658,-0.0617083,-0.310468,-0.0174303,0.124121,-0.992114,0.735806,0,0,0,1,-0.000981497,-0.00379755,-0.00118448,-1.72475e-06,1.83615e-06,1.04303e-06,-3.12929e-10,-7.34673e-12,3.58609e-11,-0.96623,0.11583,-0.230179,-0.164416,0.0569401,0.967168,0.247676,0.840948,0.25131,0.226206,-0.941103,0.810833,0,0,0,1,-0.0212706,0.028601,0.0151453,-2.21807e-07,9.97144e-07,-1.84463e-06,1.45579e-09,1.46933e-09,-1.55295e-10
11906, -0.167553, -0.314905, 0.734369, 0.824742, 0.562089, 0.0275175, -0.0556752, -0.189947, 0.875352, 0.828827, 0.0372562, 0.984294, 0.121178, 0.122857
# 11906,0.366598,0.924092,0.107978,-0.167553,0.93022,-0.361913,-0.0609007,-0.314905,-0.017199,0.12277,-0.992286,0.734369,0,0,0,1,-0.000964327,-0.00374576,-0.0011766,-1.71459e-06,2.3645e-06,1.5445e-06,-8.0943e-10,1.0041e-11,1.37774e-10,-0.967036,0.103117,-0.232825,-0.189947,0.0435669,0.967856,0.247704,0.875352,0.250884,0.229395,-0.940444,0.828827,0,0,0,1,-0.0211018,0.0283314,0.0149226,-9.46829e-07,-1.04451e-06,-3.56858e-06,3.88825e-09,3.93133e-09,-5.43205e-10
13152.7, -0.16721, -0.317424, 0.733283, 0.824461, 0.562573, 0.0271882, -0.0551021, -0.210392, 0.900799, 0.843777, 0.030634, 0.984347, 0.122006, 0.123437
# 13152.7,0.365546,0.924643,0.106829,-0.16721,0.930635,-0.360952,-0.0602684,-0.317424,-0.0171666,0.12145,-0.992449,0.733283,0,0,0,1,0.000763396,-0.0025015,-0.000880141,-1.26076e-06,6.61629e-06,4.70658e-06,-2.00888e-09,2.76519e-10,3.83488e-10,-0.96765,0.090429,-0.235535,-0.210392,0.0301889,0.968352,0.247755,0.900799,0.250485,0.232629,-0.939756,0.843777,0,0,0,1,-0.0175716,0.0194327,0.012455,-6.11446e-07,-1.99984e-06,-6.02855e-06,8.77196e-09,8.88128e-09,-1.0452e-09
14429.1, -0.163632, -0.318122, 0.732886, 0.824166, 0.563075, 0.0268867, -0.0545336, -0.223176, 0.912811, 0.854298, 0.0240227, 0.984355, 0.122853, 0.123995
# 14429.1,0.364447,0.925202,0.105731,-0.163632,0.931067,-0.359945,-0.059611,-0.318122,-0.0170948,0.120168,-0.992606,0.732886,0,0,0,1,0.00506926,-0.00181239,-3.10906e-05,5.20011e-07,1.30178e-05,9.90825e-06,-3.95714e-09,1.18285e-09,7.45896e-10,-0.968096,0.0777601,-0.238209,-0.223176,0.0168274,0.96866,0.247819,0.912811,0.250014,0.235904,-0.939065,0.854298,0,0,0,1,-0.0117331,0.00890263,0.00954523,6.83251e-07,-3.23523e-06,-7.83288e-06,1.67787e-08,1.68145e-08,-1.77662e-09
15688.5, -0.15698, -0.318927, 0.733365, 0.823882, 0.56356, 0.0266768, -0.0539109, -0.228199, 0.910672, 0.859524, 0.0174534, 0.984316, 0.12374, 0.124524
# 15688.5,0.363377,0.925738,0.104721,-0.15698,0.931491,-0.358987,-0.0587644,-0.318927,-0.0168069,0.1189,-0.992764,0.733365,0,0,0,1,0.00775491,-0.00182546,0.000514472,2.77613e-06,1.48882e-05,1.27724e-05,-5.14129e-09,2.88958e-09,1.29375e-09,-0.968378,0.0651767,-0.240822,-0.228199,0.00354211,0.968767,0.247946,0.910672,0.249461,0.239253,-0.938364,0.859524,0,0,0,1,-0.00828926,0.0016994,0.00722471,4.32513e-06,-5.2424e-06,-7.37719e-06,2.8476e-08,2.85148e-08,-3.05046e-09
16987.9, -0.146497, -0.319094, 0.734568, 0.823651, 0.563966, 0.0263602, -0.0533598, -0.225223, 0.894579, 0.859095, 0.0104975, 0.984211, 0.12474, 0.125136
# 16987.9,0.362495,0.926209,0.103609,-0.146497,0.931835,-0.35819,-0.0581671,-0.319094,-0.016763,0.117632,-0.992916,0.734568,0,0,0,1,0.0105194,-0.00128102,0.00102312,6.3825e-06,1.51441e-05,1.66383e-05,-6.32598e-09,5.50584e-09,1.82246e-09,-0.968462,0.0518823,-0.243701,-0.225223,-0.0105555,0.968659,0.248169,0.894579,0.248938,0.242914,-0.937562,0.859095,0,0,0,1,-0.00462268,-0.00577927,0.00460649,1.09348e-05,-9.01084e-06,-1.75457e-06,4.38502e-08,4.32157e-08,-5.12111e-09
18278.4, -0.132285, -0.318033, 0.7368, 0.823307, 0.564539, 0.0261001, -0.0527252, -0.213602, 0.864403, 0.852191, 0.00337657, 0.984043, 0.125868, 0.125721
# 18278.4,0.361229,0.926826,0.102508,-0.132285,0.93233,-0.357032,-0.057349,-0.318033,-0.0165541,0.116287,-0.993078,0.7368,0,0,0,1,0.0165392,0.000275816,0.00169636,7.07598e-06,1.45822e-05,2.04576e-05,-7.03034e-09,9.21751e-09,2.85795e-09,-0.968366,0.0382938,-0.24658,-0.213602,-0.0250031,0.968292,0.248567,0.864403,0.24828,0.246869,-0.936703,0.852191,0,0,0,1,0.00133851,-0.0174054,0.000595653,2.30364e-05,-1.59466e-05,1.25046e-05,6.21143e-08,5.95027e-08,-8.0999e-09
19556.6, -0.115789, -0.315093, 0.739273, 0.822991, 0.565065, 0.0258709, -0.0521312, -0.193602, 0.81909, 0.838743, -0.00427797, 0.983735, 0.127203, 0.126751
# 19556.6,0.360064,0.92739,0.101498,-0.115789,0.932785,-0.355967,-0.0565695,-0.315093,-0.016332,0.115044,-0.993226,0.739273,0,0,0,1,0.0189233,0.000349535,0.00207394,1.0648e-05,1.50211e-05,2.78392e-05,-7.36858e-09,1.54922e-08,3.80838e-09,-0.967832,0.0238294,-0.250467,-0.193602,-0.040663,0.967602,0.249184,0.81909,0.24829,0.251353,-0.935507,0.838743,0,0,0,1,0.003026,-0.0248226,-0.00224681,4.22893e-05,-2.76005e-05,4.10735e-05,8.24494e-08,7.56692e-08,-1.21856e-08
20902.4, -0.0981169, -0.312008, 0.742021, 0.82263, 0.565655, 0.025575, -0.0515766, -0.168932, 0.767954, 0.820203, -0.0121362, 0.983388, 0.128707, 0.127416
# 20902.4,0.358762,0.928011,0.100427,-0.0981169,0.933287,-0.35475,-0.0559238,-0.312008,-0.0162715,0.11379,-0.993372,0.742021,0,0,0,1,0.0205485,-0.000107561,0.00253098,1.59026e-05,1.63245e-05,3.57472e-05,-6.87491e-09,2.45373e-08,4.64891e-09,-0.967236,0.00892946,-0.253722,-0.168932,-0.0566677,0.966574,0.250045,0.767954,0.247474,0.25623,-0.9344,0.820203,0,0,0,1,0.00683047,-0.0319681,-0.00532535,6.82612e-05,-4.19124e-05,8.44948e-05,1.02548e-07,8.92995e-08,-1.7055e-08
22197, -0.0823216, -0.308407, 0.744554, 0.822202, 0.566336, 0.0253322, -0.0510398, -0.138916, 0.711517, 0.797092, -0.0201089, 0.982948, 0.130383, 0.128095
# 22197,0.357244,0.9287,0.0994677,-0.0823216,0.933872,-0.353317,-0.055237,-0.308407,-0.016155,0.112623,-0.993506,0.744554,0,0,0,1,0.0232225,-0.000103276,0.00303202,2.26259e-05,1.94366e-05,4.69683e-05,-5.54532e-09,3.67974e-08,5.20209e-09,-0.966375,-0.00612926,-0.257065,-0.138916,-0.0729349,0.965192,0.251169,0.711517,0.246577,0.261472,-0.933184,0.797092,0,0,0,1,0.0112839,-0.0414186,-0.00928026,0.000102437,-5.82998e-05,0.000145453,1.21246e-07,9.84564e-08,-2.25972e-08
23432.7, -0.163352, -0.336212, 0.773139, 0.800089, 0.597462, 0.0344806, -0.0413232, -0.200262, 0.667025, 0.831032, -0.0198015, 0.983193, 0.128376, 0.128294
# 23432.7,0.283701,0.953196,0.104553,-0.163352,0.958895,-0.282663,-0.0249228,-0.336212,0.00579704,0.107326,-0.994207,0.773139,0,0,0,1,0.0183663,-0.000860134,0.005762,-0.000125187,-0.00107031,0.00275687,5.45844e-08,1.09323e-07,3.38557e-08,-0.966297,-0.00599771,-0.25736,-0.200262,-0.0718772,0.966255,0.247356,0.667025,0.247192,0.257518,-0.934121,0.831032,0,0,0,1,0.00691504,-0.049307,-0.00768736,-1.24462e-05,1.83991e-05,-0.000265291,5.45869e-08,8.21914e-08,-4.91582e-09
24707.4, -0.147698, -0.331139, 0.777456, 0.797583, 0.600867, 0.0356728, -0.0393414, -0.165366, 0.608788, 0.805699, -0.0287606, 0.982647, 0.130442, 0.128697
# 24707.4,0.275372,0.955676,0.104182,-0.147698,0.96129,-0.274822,-0.0198869,-0.331139,0.00962604,0.105625,-0.994359,0.777456,0,0,0,1,0.0205291,-0.000575705,0.00584087,-0.000136129,-0.00116949,0.0028884,5.19032e-08,1.17981e-07,3.22766e-08,-0.96522,-0.0229483,-0.26043,-0.165366,-0.0900978,0.964316,0.248953,0.608788,0.245423,0.263759,-0.932844,0.805699,0,0,0,1,0.0107905,-0.0545333,-0.0107195,3.88915e-05,5.28848e-07,-0.000126427,7.55037e-08,7.91395e-08,-1.221e-08
25964.6, -0.190266, -0.347149, 0.788584, 0.786517, 0.615286, 0.0401421, -0.0346822, -0.190267, 0.565808, 0.806723, -0.031324, 0.982454, 0.130726, 0.129281
# 25964.6,0.239624,0.965081,0.105824,-0.190266,0.97065,-0.240441,-0.00515843,-0.347149,0.0204661,0.103954,-0.994372,0.788584,0,0,0,1,0.0152359,-0.0017232,0.00640369,-0.000184658,-0.00164428,0.0041013,8.59602e-08,1.59009e-07,4.26386e-08,-0.964611,-0.027748,-0.262215,-0.190267,-0.0953495,0.963859,0.248765,0.565808,0.245836,0.264964,-0.932394,0.806723,0,0,0,1,0.00842684,-0.0577386,-0.0108909,3.24984e-05,2.75365e-05,-0.000367049,4.02286e-08,5.08244e-08,-1.33563e-08
27259.3, -0.176862, -0.339643, 0.793395, 0.782441, 0.620474, 0.0423968, -0.0316295, -0.152063, 0.504154, 0.780157, -0.0404313, 0.981821, 0.132728, 0.129525
# 27259.3,0.226428,0.968287,0.105597,-0.176862,0.973651,-0.228022,0.00311577,-0.339643,0.0270953,0.102109,-0.994404,0.793395,0,0,0,1,0.0196448,0.000786272,0.00694669,-0.000208666,-0.00181748,0.00430894,8.12348e-08,1.68027e-07,4.02559e-08,-0.963177,-0.0450094,-0.265074,-0.152063,-0.113776,0.961497,0.250156,0.504154,0.243609,0.271104,-0.931213,0.780157,0,0,0,1,0.0135181,-0.0655993,-0.0146626,7.56954e-05,2.57072e-05,-0.000241693,5.95118e-08,3.75807e-08,-2.00299e-08
28524.9, -0.191677, -0.358788, 0.798893, 0.776283, 0.628261, 0.0440892, -0.027, -0.152692, 0.470185, 0.760645, -0.0461086, 0.981102, 0.135244, 0.13047
# 28524.9,0.206689,0.973036,0.102377,-0.191677,0.977797,-0.209119,0.0134797,-0.358788,0.0345252,0.0973183,-0.994654,0.798893,0,0,0,1,0.018784,-0.000455636,0.00703181,-0.00033631,-0.00201647,0.00483753,1.11131e-07,1.97829e-07,3.98224e-08,-0.961703,-0.055184,-0.26848,-0.152692,-0.125765,0.959166,0.253344,0.470185,0.243537,0.277407,-0.929374,0.760645,0,0,0,1,0.0129155,-0.069123,-0.0169751,0.000167801,-4.39447e-06,-0.000285474,3.93457e-08,-4.17049e-09,-3.30004e-08
29846.3, -0.174542, -0.341916, 0.802933, 0.771654, 0.633906, 0.0465159, -0.0234545, -0.113076, 0.408954, 0.734835, -0.054957, 0.980381, 0.137236, 0.130383
# 29846.3,0.191999,0.97613,0.101524,-0.174542,0.980494,-0.195226,0.0227759,-0.341916,0.0420524,0.0951709,-0.994572,0.802933,0,0,0,1,0.0207258,0.000882826,0.00704852,-0.000371235,-0.00219741,0.0050391,1.00848e-07,2.08575e-07,3.65307e-08,-0.95996,-0.0719712,-0.270733,-0.113076,-0.143544,0.956292,0.254756,0.408954,0.240565,0.283418,-0.928333,0.734835,0,0,0,1,0.0162629,-0.072257,-0.0190303,0.000210422,1.18899e-05,-0.00018171,5.41093e-08,-2.7946e-08,-3.73495e-08
31147.6, -0.15468, -0.327379, 0.805948, 0.767729, 0.638595, 0.0489959, -0.0196794, -0.07116, 0.351746, 0.708168, -0.0644967, 0.979456, 0.139539, 0.13052
# 31147.6,0.179591,0.978608,0.100366,-0.15468,0.982465,-0.183618,0.0323602,-0.327379,0.0500969,0.0927941,-0.994424,0.805948,0,0,0,1,0.0234641,0.00179762,0.00688727,-0.000415909,-0.00236938,0.0051597,9.47003e-08,2.18234e-07,3.20831e-08,-0.95761,-0.0899181,-0.273676,-0.07116,-0.162769,0.952738,0.256509,0.351746,0.237677,0.290181,-0.926987,0.708168,0,0,0,1,0.0196462,-0.0766632,-0.0215924,0.00026379,9.00197e-06,-4.04725e-05,6.65515e-08,-5.81567e-08,-4.24047e-08
32409.8, -0.121002, -0.298472, 0.79573, 0.756914, 0.651173, 0.0524555, -0.0174003, -0.00864269, 0.300582, 0.659184, -0.0820408, 0.977005, 0.146027, 0.131937
# 32409.8,0.146444,0.983939,0.10207,-0.121002,0.98759,-0.151342,0.0419742,-0.298472,0.0567474,0.0946563,-0.993891,0.79573,0,0,0,1,0.0289216,0.00499835,0.00630628,-0.000307937,-0.00255049,0.00582327,8.76356e-08,2.19362e-07,1.90972e-08,-0.951724,-0.121776,-0.281767,-0.00864269,-0.198841,0.943891,0.26369,0.300582,0.233846,0.306986,-0.922538,0.659184,0,0,0,1,0.0257659,-0.0818303,-0.0263314,0.000481403,-0.000146814,0.000575432,8.565e-08,-8.73614e-08,-5.29335e-08
33715.1, -0.0960367, -0.280354, 0.795881, 0.754409, 0.654012, 0.0541257, -0.0143506, 0.0331738, 0.251493, 0.631466, -0.0939342, 0.975352, 0.149751, 0.132057
# 33715.1,0.138678,0.985231,0.100437,-0.0960367,0.988338,-0.144125,0.0491452,-0.280354,0.0628949,0.0924502,-0.993729,0.795881,0,0,0,1,0.03073,0.00602097,0.00599408,-0.000342787,-0.00262837,0.00577583,8.58139e-08,2.32603e-07,1.35665e-08,-0.947475,-0.143686,-0.285738,0.0331738,-0.222789,0.937502,0.267311,0.251493,0.229471,0.31693,-0.920271,0.631466,0,0,0,1,0.0281387,-0.0825749,-0.027871,0.000589425,-0.000179169,0.000838519,8.67733e-08,-1.31911e-07,-5.7467e-08
34984.1, -0.0729767, -0.265485, 0.794421, 0.752651, 0.655967, 0.0556077, -0.0114948, 0.0709855, 0.212647, 0.606063, -0.106002, 0.973469, 0.153639, 0.132351
# 34984.1,0.133231,0.986149,0.0987869,-0.0729767,0.988706,-0.139151,0.0556504,-0.265485,0.068626,0.0902568,-0.993551,0.794421,0,0,0,1,0.0321867,0.00612993,0.00570892,-0.000374774,-0.00268226,0.00568515,8.77081e-08,2.47762e-07,7.5624e-09,-0.942494,-0.165711,-0.290251,0.0709855,-0.247048,0.930317,0.271066,0.212647,0.225107,0.327184,-0.917757,0.606063,0,0,0,1,0.0301212,-0.0827057,-0.0292356,0.000699642,-0.000224284,0.00112274,8.36231e-08,-1.82193e-07,-6.22978e-08
36166.3, -0.07324, -0.353826, 0.813774, 0.7549, 0.653561, 0.0537353, -0.00983296, 0.0987597, 0.292047, 0.506767, -0.126857, 0.96763, 0.166941, 0.140464
# 36166.3,0.139942,0.985689,0.0939824,-0.07324,0.987803,-0.145524,0.0553927,-0.353826,0.0682767,0.0850843,-0.994032,0.813774,0,0,0,1,0.0329761,-0.00223354,0.00637647,-0.000462054,-0.00246215,0.00533372,1.74108e-07,2.55882e-07,1.21656e-08,-0.928354,-0.198604,-0.314191,0.0987597,-0.2924,0.912076,0.287436,0.292047,0.22948,0.358712,-0.904801,0.506767,0,0,0,1,0.0322631,-0.0753808,-0.0383282,0.00113607,-0.000810608,0.00188418,8.77429e-08,-2.99324e-07,-1.35085e-07
37326.6, -0.0493369, -0.326045, 0.821223, 0.753701, 0.654567, 0.0584573, -0.00777142, 0.136696, 0.248573, 0.494772, -0.138896, 0.964945, 0.174182, 0.138746
# 37326.6,0.13625,0.985786,0.0982924,-0.0493369,0.987603,-0.142964,0.0648137,-0.326045,0.0779447,0.088243,-0.993045,0.821223,0,0,0,1,0.0367497,0.000695035,0.00738309,-0.000367952,-0.00267784,0.00519552,1.58106e-07,2.73924e-07,1.50298e-08,-0.922915,-0.219719,-0.316151,0.136696,-0.316388,0.900737,0.297609,0.248573,0.219379,0.374694,-0.90082,0.494772,0,0,0,1,0.0355002,-0.0791312,-0.0391417,0.00145826,-0.000761023,0.00220282,7.95678e-08,-3.35965e-07,-1.18698e-07
38511.7, -0.0194482, -0.333249, 0.737625, 0.766236, 0.640968, 0.0336111, -0.0302092, 0.157432, 0.25404, 0.444282, -0.135996, 0.964689, 0.178204, 0.138288
# 38511.7,0.17606,0.980235,0.0902344,-0.0194482,0.984296,-0.176495,-0.00320748,-0.333249,0.0127818,0.0893821,-0.995915,0.737625,0,0,0,1,0.037006,-0.00115302,0.00115923,-5.74637e-05,-0.000673517,0.00420834,1.687e-07,2.77388e-07,-4.36145e-08,-0.924763,-0.2131,-0.315279,0.157432,-0.311674,0.899497,0.306211,0.25404,0.218339,0.381437,-0.898239,0.444282,0,0,0,1,0.03508,-0.0778523,-0.0416319,0.00163662,-0.000648679,0.00170394,7.2523e-08,-4.18894e-07,-1.39411e-07
39702.1, -0.0120942, -0.409974, 0.743057, 0.772166, 0.63413, 0.0202382, -0.0350639, 0.155737, 0.327782, 0.410509, -0.152531, 0.958171, 0.19489, 0.143737
# 39702.1,0.194939,0.977888,0.0757246,-0.0120942,0.980726,-0.193299,-0.028483,-0.409974,-0.0132157,0.0798175,-0.996722,0.743057,0,0,0,1,0.0377934,-0.00869282,-0.000199238,-0.000212576,0.000193023,0.00361901,2.47383e-07,2.89026e-07,-5.31751e-08,-0.912148,-0.236275,-0.334902,0.155737,-0.348327,0.877505,0.329627,0.327782,0.215996,0.417324,-0.882716,0.410509,0,0,0,1,0.0334157,-0.0674289,-0.045771,0.00229807,-0.00105681,0.00226906,6.02202e-08,-5.53076e-07,-1.87242e-07
40884.9, 0.0107641, -0.393636, 0.74785, 0.774276, 0.631446, 0.0230562, -0.0352319, 0.188079, 0.294349, 0.401908, -0.163309, 0.954842, 0.203248, 0.142466
# 40884.9,0.201489,0.976202,0.0801978,0.0107641,0.979451,-0.20007,-0.025441,-0.393636,-0.0087904,0.0836759,-0.996454,0.74785,0,0,0,1,0.038959,-0.00600928,0.000690982,-7.64986e-05,8.59181e-05,0.00328543,2.32788e-07,3.10102e-07,-4.64756e-08,-0.906067,-0.253957,-0.33845,0.188079,-0.369781,0.864041,0.341607,0.294349,0.205681,0.434671,-0.876788,0.401908,0,0,0,1,0.0349913,-0.0688528,-0.045024,0.00263264,-0.0010261,0.00250418,5.00054e-08,-5.94637e-07,-1.65675e-07
42050.5, 0.0317969, -0.375084, 0.753594, 0.776423, 0.628602, 0.0275986, -0.0355688, 0.21712, 0.263587, 0.397054, -0.175213, 0.951367, 0.21047, 0.141081
# 42050.5,0.208196,0.974159,0.0875737,0.0317969,0.978085,-0.207189,-0.0205358,-0.375084,-0.00186079,0.08993,-0.995946,0.753594,0,0,0,1,0.0396626,-0.00415388,0.00158722,0.000109155,-8.57174e-05,0.002955,2.19613e-07,3.34069e-07,-4.02418e-08,-0.898793,-0.273997,-0.342194,0.21712,-0.39277,0.850006,0.35103,0.263587,0.194686,0.449907,-0.871597,0.397054,0,0,0,1,0.0364001,-0.0702616,-0.044361,0.00288598,-0.00099043,0.00278548,3.65721e-08,-6.40807e-07,-1.4578e-07
43268.9, 0.0544548, -0.356574, 0.760651, 0.778241, 0.626061, 0.0334097, -0.0356693, 0.245768, 0.229855, 0.390872, -0.188404, 0.947765, 0.216301, 0.139497
# 43268.9,0.213862,0.97207,0.0966639,0.0544548,0.976836,-0.21355,-0.0136856,-0.356574,0.00733915,0.0973516,-0.995223,0.760651,0,0,0,1,0.0427174,-0.00199013,0.00285188,0.000312461,-0.000302261,0.00266776,2.08811e-07,3.60499e-07,-3.45091e-08,-0.890089,-0.296779,-0.345925,0.245768,-0.417472,0.835435,0.357442,0.229855,0.182916,0.462569,-0.867509,0.390872,0,0,0,1,0.0388755,-0.073646,-0.0449265,0.00304342,-0.000943414,0.00309601,2.05832e-08,-6.91712e-07,-1.28652e-07
44412.3, 0.0623327, -0.303617, 0.719335, 0.775771, 0.629365, 0.0159944, -0.0426987, 0.256261, 0.167799, 0.367199, -0.17878, 0.955535, 0.190038, 0.137392
# 44412.3,0.207287,0.975121,0.0785621,0.0623327,0.977852,-0.204152,-0.0461161,-0.303617,-0.0289302,0.0863814,-0.995842,0.719335,0,0,0,1,0.0429967,0.00166587,0.00128236,0.000139663,0.000607225,0.00281088,1.80029e-07,4.01279e-07,-4.92289e-08,-0.898323,-0.289442,-0.330515,0.256261,-0.39388,0.863847,0.31405,0.167799,0.194615,0.412301,-0.890018,0.367199,0,0,0,1,0.0387764,-0.0794202,-0.0445768,0.00180623,-0.000596427,0.00216336,2.09103e-09,-7.5415e-07,-1.24936e-07
45617.5, 0.0762432, -0.293629, 0.723448, 0.777649, 0.627031, 0.0165112, -0.0426839, 0.275314, 0.144382, 0.364957, -0.184822, 0.953876, 0.192704, 0.137208
# 45617.5,0.213119,0.97381,0.0792082,0.0762432,0.976629,-0.21002,-0.0456801,-0.293629,-0.0278484,0.0870923,-0.995811,0.723448,0,0,0,1,0.0430366,0.00192549,0.00202767,0.000178361,0.00058155,0.00255808,1.83758e-07,4.33432e-07,-4.35756e-08,-0.894029,-0.299714,-0.332992,0.275314,-0.405476,0.857412,0.316914,0.144382,0.190528,0.41835,-0.888078,0.364957,0,0,0,1,0.0385464,-0.0791116,-0.0431579,0.00186402,-0.000566472,0.00212613,-1.19958e-08,-8.23857e-07,-1.16093e-07
46761.7, 0.0849358, -0.284603, 0.728553, 0.779199, 0.625074, 0.0174901, -0.0427285, 0.289826, 0.127308, 0.36501, -0.190819, 0.952376, 0.194555, 0.13681
# 46761.7,0.217954,0.972619,0.0806735,0.0849358,0.975608,-0.214914,-0.0447228,-0.284603,-0.0261604,0.0884532,-0.995737,0.728553,0,0,0,1,0.0423433,0.00275325,0.0027299,0.000227722,0.000541683,0.00234846,1.88945e-07,4.67515e-07,-3.7801e-08,-0.889743,-0.310228,-0.334839,0.289826,-0.416696,0.851474,0.318366,0.127308,0.18634,0.42279,-0.886863,0.36501,0,0,0,1,0.0381911,-0.0786338,-0.0418313,0.00188019,-0.000529546,0.00209874,-2.61723e-08,-8.95075e-07,-1.10071e-07
47980, 0.0932559, -0.277474, 0.733911, 0.780226, 0.623745, 0.0190867, -0.0427237, 0.303992, 0.107667, 0.362665, -0.197457, 0.950872, 0.195723, 0.136179
# 47980,0.221157,0.971693,0.0830812,0.0932559,0.974955,-0.218235,-0.0428578,-0.277474,-0.0235134,0.0904787,-0.995621,0.733911,0,0,0,1,0.0414433,0.00294481,0.00338463,0.000290876,0.000484067,0.00217888,1.96651e-07,5.03804e-07,-3.26289e-08,-0.884932,-0.322206,-0.336272,0.303992,-0.42882,0.845406,0.318436,0.107667,0.181685,0.425995,-0.886295,0.362665,0,0,0,1,0.0376391,-0.0778285,-0.040468,0.00185455,-0.000484745,0.00207819,-4.07595e-08,-9.70019e-07,-1.06515e-07
49141.8, 0.0961995, -0.269671, 0.738587, 0.780845, 0.622897, 0.0208996, -0.042943, 0.313219, 0.0951673, 0.362423, -0.203726, 0.949601, 0.195954, 0.135485
# 49141.8,0.223126,0.970976,0.0861367,0.0961995,0.974566,-0.220312,-0.0410271,-0.269671,-0.0208594,0.0931001,-0.995438,0.738587,0,0,0,1,0.0406814,0.00323268,0.00393922,0.000363419,0.000426982,0.0020517,2.03914e-07,5.41579e-07,-2.84688e-08,-0.880279,-0.333819,-0.337155,0.313219,-0.440015,0.840195,0.316953,0.0951673,0.177471,0.42736,-0.886492,0.362423,0,0,0,1,0.0376539,-0.0785851,-0.0400329,0.00179154,-0.000434419,0.0020574,-5.51395e-08,-1.04665e-06,-1.05327e-07
50313, 0.0819112, -0.265507, 0.75308, 0.760366, 0.648289, 0.0372893, -0.0132285, 0.304185, 0.0636138, 0.388821, -0.204085, 0.950726, 0.189901, 0.135674
# 50313,0.156662,0.984887,0.0738589,0.0819112,0.98686,-0.159093,0.0282315,-0.265507,0.0395553,0.0684656,-0.996869,0.75308,0,0,0,1,0.0426528,0.00511862,0.00393862,-0.000281864,-0.000948552,0.00330813,2.18471e-07,5.80611e-07,-2.57297e-08,-0.879884,-0.336528,-0.335488,0.304185,-0.439586,0.844574,0.30571,0.0636138,0.180465,0.416465,-0.891061,0.388821,0,0,0,1,0.0366345,-0.0802822,-0.0379142,0.0014845,-0.000358214,0.00174075,-5.81142e-08,-1.12141e-06,-1.17416e-07
51496.5, 0.0848984, -0.260461, 0.754106, 0.75991, 0.648738, 0.0387092, -0.0133044, 0.31026, 0.0570432, 0.385513, -0.206869, 0.950396, 0.188446, 0.135797
# 51496.5,0.155282,0.984935,0.0760932,0.0848984,0.986995,-0.157925,0.0300038,-0.260461,0.0415688,0.0704445,-0.996649,0.754106,0,0,0,1,0.0417412,0.00522064,0.00399559,-0.000213586,-0.000961936,0.00322229,2.29233e-07,6.16363e-07,-2.46143e-08,-0.877528,-0.342035,-0.33609,0.31026,-0.444397,0.843386,0.302013,0.0570432,0.180154,0.414382,-0.892094,0.385513,0,0,0,1,0.0361799,-0.079971,-0.0373816,0.00136971,-0.000316566,0.00155829,-6.78447e-08,-1.20263e-06,-1.19962e-07
52686.3, 0.0863003, -0.260457, 0.756074, 0.759072, 0.649645, 0.0400319, -0.0129664, 0.315709, 0.0523491, 0.382226, -0.209547, 0.950069, 0.187011, 0.135963
# 52686.3,0.152717,0.985217,0.0776212,0.0863003,0.987293,-0.155586,0.0323282,-0.260457,0.0439271,0.0716978,-0.996459,0.756074,0,0,0,1,0.0409148,0.00488952,0.00412269,-0.000164257,-0.000978053,0.00316741,2.43538e-07,6.51717e-07,-2.28628e-08,-0.875208,-0.347315,-0.336724,0.315709,-0.449021,0.842234,0.298366,0.0523491,0.179973,0.412329,-0.893082,0.382226,0,0,0,1,0.035323,-0.0785255,-0.0363341,0.00126123,-0.000276602,0.00138145,-7.65351e-08,-1.28426e-06,-1.22945e-07
53860.8, 0.0873, -0.260982, 0.758278, 0.758053, 0.65077, 0.0411954, -0.0125407, 0.321232, 0.048419, 0.37864, -0.212413, 0.949656, 0.185782, 0.136087
# 53860.8,0.149602,0.985603,0.0787788,0.0873,0.987669,-0.152681,0.0346045,-0.260982,0.0461343,0.0726305,-0.996291,0.758278,0,0,0,1,0.0400107,0.00547796,0.00427239,-0.000123059,-0.000993426,0.00313483,2.57914e-07,6.8664e-07,-2.11287e-08,-0.872722,-0.352874,-0.337397,0.321232,-0.454004,0.840731,0.295045,0.048419,0.179546,0.410672,-0.893931,0.37864,0,0,0,1,0.0345444,-0.0771048,-0.035342,0.00116439,-0.000238643,0.00121429,-8.40298e-08,-1.36519e-06,-1.26183e-07
55004.1, 0.0867345, -0.259554, 0.760549, 0.756635, 0.652366, 0.0420894, -0.0122658, 0.325465, 0.0473291, 0.376287, -0.215212, 0.949211, 0.184742, 0.136208
# 55004.1,0.145293,0.986174,0.0796961,0.0867345,0.988239,-0.148535,0.036354,-0.259554,0.047689,0.0734768,-0.996156,0.760549,0,0,0,1,0.0391605,0.00568813,0.00439667,-8.56921e-05,-0.00100014,0.00311928,2.70437e-07,7.21196e-07,-1.94237e-08,-0.870263,-0.358236,-0.338097,0.325465,-0.458889,0.839108,0.292092,0.0473291,0.179063,0.409346,-0.894636,0.376287,0,0,0,1,0.0338443,-0.0757795,-0.0344262,0.00108045,-0.000203865,0.00106236,-9.06794e-08,-1.4447e-06,-1.29425e-07
56220.7, 0.0878023, -0.256294, 0.762934, 0.755982, 0.653087, 0.0431469, -0.0103181, 0.319566, 0.0327763, 0.384131, -0.220208, 0.947307, 0.188435, 0.13642
# 56220.7,0.143231,0.986554,0.0787138,0.0878023,0.988335,-0.146741,0.0407567,-0.256294,0.0517593,0.071958,-0.996064,0.762934,0,0,0,1,0.0403705,0.00650532,0.00461696,-9.59953e-05,-0.00103225,0.00305965,2.87856e-07,7.58255e-07,-1.56265e-08,-0.865796,-0.365796,-0.341453,0.319566,-0.468621,0.832002,0.29693,0.0327763,0.175474,0.417093,-0.891764,0.384131,0,0,0,1,0.0337127,-0.077575,-0.034019,0.00115796,-0.000207283,0.000999585,-8.81659e-08,-1.52824e-06,-1.39488e-07
57393.9, 0.0864193, -0.252984, 0.763773, 0.754405, 0.654888, 0.0435411, -0.00998205, 0.323818, 0.0316145, 0.381102, -0.222491, 0.946798, 0.188132, 0.136669
# 57393.9,0.138452,0.987232,0.0787695,0.0864193,0.98897,-0.142044,0.0419681,-0.252984,0.052621,0.0720901,-0.996009,0.763773,0,0,0,1,0.040827,0.00634742,0.00467332,-7.12078e-05,-0.00102343,0.00305763,2.98634e-07,7.95068e-07,-1.51968e-08,-0.863639,-0.369885,-0.342511,0.323818,-0.472732,0.830208,0.29543,0.0316145,0.17508,0.41706,-0.891856,0.381102,0,0,0,1,0.0341587,-0.0783287,-0.0344708,0.00110367,-0.000180883,0.000834812,-9.39475e-08,-1.60914e-06,-1.42471e-07
58491.2, 0.0827126, -0.247874, 0.763443, 0.752647, 0.656887, 0.0438487, -0.00997286, 0.326534, 0.0353796, 0.379962, -0.224462, 0.946334, 0.187884, 0.137
# 58491.2,0.133154,0.987933,0.0791073,0.0827126,0.989682,-0.1368,0.0425952,-0.247874,0.0529031,0.0726194,-0.995956,0.763443,0,0,0,1,0.0403578,0.0058049,0.00456029,-3.96863e-05,-0.00100182,0.00307236,3.07051e-07,8.31196e-07,-1.54662e-08,-0.861696,-0.373352,-0.34364,0.326534,-0.476312,0.828633,0.294099,0.0353796,0.174949,0.417104,-0.891862,0.379962,0,0,0,1,0.0336864,-0.0768915,-0.0338422,0.00105717,-0.000159415,0.000684377,-9.87534e-08,-1.68757e-06,-1.45352e-07
59638.9, 0.0801606, -0.246653, 0.762768, 0.750671, 0.659112, 0.0443326, -0.00997428, 0.33088, 0.0360019, 0.377416, -0.227002, 0.945678, 0.187935, 0.137275
# 59638.9,0.127212,0.988668,0.0797067,0.0801606,0.990437,-0.130943,0.0434655,-0.246653,0.05341,0.0734151,-0.99587,0.762768,0,0,0,1,0.0393324,0.00635705,0.00458757,-4.32718e-06,-0.00098792,0.00309478,3.18154e-07,8.66875e-07,-1.60259e-08,-0.859251,-0.377743,-0.34496,0.33088,-0.480939,0.826301,0.293128,0.0360019,0.174314,0.417775,-0.891672,0.377416,0,0,0,1,0.0332841,-0.0755207,-0.0332552,0.00101952,-0.000140902,0.00054993,-1.02905e-07,-1.76514e-06,-1.48094e-07
60802.5, 0.0790421, -0.247572, 0.763543, 0.748493, 0.66158, 0.0444964, -0.00948332, 0.335623, 0.0357093, 0.374478, -0.229949, 0.944871, 0.188194, 0.137567
# 60802.5,0.120664,0.989532,0.0791584,0.0790421,0.99122,-0.124444,0.0446794,-0.247572,0.0540625,0.0730722,-0.99586,0.763543,0,0,0,1,0.038529,0.00621617,0.00467558,9.10355e-06,-0.000974902,0.00312775,3.30735e-07,9.01177e-07,-1.58324e-08,-0.856397,-0.382767,-0.346517,0.335623,-0.486324,0.823412,0.292371,0.0357093,0.173416,0.418905,-0.891317,0.374478,0,0,0,1,0.0329027,-0.0741376,-0.0326815,0.000989428,-0.000122832,0.000433591,-1.06602e-07,-1.84263e-06,-1.50863e-07
61927, 0.0774349, -0.245585, 0.764967, 0.739293, 0.671546, 0.0496978, 0.00130663, 0.32757, 0.0295618, 0.37808, -0.224267, 0.946807, 0.184429, 0.138736
# 61927,0.093112,0.993069,0.0717276,0.0774349,0.992809,-0.0980483,0.0686807,-0.245585,0.0752374,0.0648168,-0.995057,0.764967,0,0,0,1,0.0379697,0.00708432,0.00442102,-0.000164634,-0.00133265,0.0035203,3.41937e-07,9.33343e-07,-1.75555e-08,-0.860914,-0.373501,-0.345434,0.32757,-0.475848,0.831381,0.287009,0.0295618,0.179989,0.411464,-0.893477,0.37808,0,0,0,1,0.0313968,-0.0734556,-0.0317916,0.000857135,-7.8007e-05,-1.26375e-06,-9.84584e-08,-1.92343e-06,-1.5786e-07
63034.6, 0.0764242, -0.243672, 0.765441, 0.737081, 0.673997, 0.0493384, 0.00211644, 0.331958, 0.0310388, 0.375488, -0.225867, 0.946272, 0.184806, 0.139287
# 63034.6,0.0865865,0.993791,0.0698799,0.0764242,0.993373,-0.0914461,0.0696279,-0.243672,0.0755858,0.0633879,-0.995123,0.765441,0,0,0,1,0.0373159,0.00749987,0.00435093,-0.000167743,-0.00130587,0.00354944,3.52422e-07,9.66147e-07,-1.75422e-08,-0.859166,-0.375982,-0.34709,0.331958,-0.478946,0.829662,0.286832,0.0310388,0.180124,0.412673,-0.892892,0.375488,0,0,0,1,0.031328,-0.0726394,-0.0315551,0.000841148,-6.3627e-05,-0.000143714,-1.00542e-07,-1.99826e-06,-1.60822e-07
64199.6, 0.0753554, -0.241599, 0.765355, 0.734661, 0.676643, 0.0491869, 0.00273262, 0.33658, 0.0309499, 0.372774, -0.227882, 0.945604, 0.185327, 0.139845
# 64199.6,0.0794687,0.994476,0.0685734,0.0753554,0.993938,-0.0842925,0.0705791,-0.241599,0.0759695,0.0625489,-0.995146,0.765355,0,0,0,1,0.0384797,0.00789171,0.0043734,-0.000160324,-0.0012815,0.00357998,3.63425e-07,1.00027e-06,-1.78804e-08,-0.857027,-0.379138,-0.348941,0.33658,-0.482806,0.827448,0.286755,0.0309499,0.18001,0.414228,-0.892195,0.372774,0,0,0,1,0.0319852,-0.0734532,-0.0320736,0.000828407,-5.17023e-05,-0.000270128,-1.02726e-07,-2.07439e-06,-1.6358e-07
65370.1, 0.0730247, -0.241839, 0.76532, 0.732329, 0.679148, 0.0493992, 0.0033149, 0.342461, 0.0305666, 0.369037, -0.230185, 0.944823, 0.186083, 0.140349
# 65370.1,0.0726341,0.995048,0.0678504,0.0730247,0.994393,-0.0774928,0.071954,-0.241839,0.0768556,0.0622436,-0.995097,0.76532,0,0,0,1,0.0393885,0.00869216,0.00445294,-0.000145501,-0.00126768,0.00360453,3.7643e-07,1.03535e-06,-1.79143e-08,-0.854634,-0.382736,-0.350876,0.342461,-0.487201,0.824776,0.287018,0.0305666,0.179542,0.416243,-0.891351,0.369037,0,0,0,1,0.0326004,-0.0745705,-0.0325652,0.000822333,-4.15369e-05,-0.000380533,-1.03539e-07,-2.14958e-06,-1.66736e-07
66610.1, 0.0733563, -0.239405, 0.765188, 0.729826, 0.681822, 0.0495861, 0.00364911, 0.349865, 0.0258238, 0.363372, -0.233533, 0.94375, 0.187059, 0.14074
# 66610.1,0.06532,0.995585,0.0674025,0.0733563,0.994862,-0.070211,0.0729443,-0.239405,0.0773546,0.0622914,-0.995056,0.765188,0,0,0,1,0.0384707,0.00877407,0.00432933,-0.000122936,-0.001247,0.00363192,3.88204e-07,1.07094e-06,-1.82384e-08,-0.851309,-0.38814,-0.353016,0.349865,-0.493447,0.820942,0.287339,0.0258238,0.178278,0.418809,-0.890402,0.363372,0,0,0,1,0.032479,-0.0737305,-0.0323973,0.000818435,-3.02708e-05,-0.000468388,-1.04047e-07,-2.2265e-06,-1.70104e-07
67771.7, 0.0692835, -0.233915, 0.765924, 0.728913, 0.68282, 0.0492193, 0.00441856, 0.34174, 0.0177448, 0.363418, -0.233272, 0.942978, 0.189844, 0.142606
# 67771.7,0.0626682,0.995868,0.0657191,0.0692835,0.994998,-0.0674742,0.0736574,-0.233915,0.0777874,0.0607744,-0.995116,0.765924,0,0,0,1,0.0396865,0.0122245,0.00525237,-0.00013022,-0.0012118,0.00358915,4.03321e-07,1.10303e-06,-1.79155e-08,-0.850496,-0.385795,-0.357519,0.34174,-0.494086,0.819087,0.291506,0.0177448,0.180378,0.42457,-0.887246,0.363418,0,0,0,1,0.0306854,-0.0731618,-0.0317747,0.000869897,-6.00055e-05,-0.000685316,-1.14876e-07,-2.29683e-06,-1.60614e-07
68875.8, 0.0708499, -0.229042, 0.766697, 0.72646, 0.68544, 0.049045, 0.00473576, 0.344331, 0.0227554, 0.362045, -0.234604, 0.942371, 0.190803, 0.143151
# 68875.8,0.0555339,0.996354,0.0647663,0.0708499,0.995425,-0.0602999,0.0741154,-0.229042,0.0777506,0.0603541,-0.995144,0.766697,0,0,0,1,0.0392923,0.0119374,0.00511996,-0.000116959,-0.00118428,0.00362566,4.14168e-07,1.13539e-06,-1.8307e-08,-0.848938,-0.387541,-0.359329,0.344331,-0.496795,0.81711,0.292448,0.0227554,0.180276,0.426783,-0.886204,0.362045,0,0,0,1,0.0303597,-0.0718744,-0.031428,0.000874833,-4.8993e-05,-0.000805485,-1.15677e-07,-2.37205e-06,-1.63454e-07
70021, 0.0713018, -0.223519, 0.766645, 0.723913, 0.688155, 0.0486716, 0.00484956, 0.344434, 0.0355129, 0.363551, -0.235615, 0.941832, 0.191958, 0.143494
# 70021,0.0481475,0.996801,0.0637936,0.0713018,0.995857,-0.0528383,0.0740086,-0.223519,0.0771426,0.0599659,-0.995215,0.766645,0,0,0,1,0.0389736,0.0119052,0.00494807,-0.000101831,-0.00114726,0.00366211,4.24655e-07,1.16947e-06,-1.91849e-08,-0.84779,-0.388729,-0.360751,0.344434,-0.498909,0.815276,0.293966,0.0355129,0.179839,0.429203,-0.885123,0.363551,0,0,0,1,0.0302245,-0.0709826,-0.0313029,0.000889138,-3.7968e-05,-0.000907666,-1.15484e-07,-2.44233e-06,-1.66484e-07
71165, 0.0711667, -0.218166, 0.766057, 0.721186, 0.691036, 0.0483545, 0.00460458, 0.353644, 0.0268324, 0.35545, -0.238617, 0.940651, 0.193714, 0.143921
# 71165,0.0402617,0.997177,0.0633813,0.0711667,0.996286,-0.0448956,0.0734709,-0.218166,0.076109,0.0601878,-0.995281,0.766057,0,0,0,1,0.0394354,0.0118707,0.00480963,-7.71465e-05,-0.00110592,0.00370056,4.35162e-07,1.20414e-06,-2.02126e-08,-0.844697,-0.393151,-0.363206,0.353644,-0.504669,0.811073,0.295751,0.0268324,0.178312,0.433119,-0.883523,0.35545,0,0,0,1,0.0315055,-0.0729762,-0.0327438,0.00090878,-3.18443e-05,-0.000988791,-1.14828e-07,-2.51492e-06,-1.69748e-07
72341.2, 0.0741777, -0.214525, 0.767863, 0.718327, 0.69406, 0.0475631, 0.00490272, 0.359676, 0.0240638, 0.350717, -0.241895, 0.93933, 0.195786, 0.14427
# 72341.2,0.0320363,0.997591,0.0615262,0.0741777,0.996658,-0.0365128,0.0730668,-0.214525,0.0751373,0.0589798,-0.995427,0.767863,0,0,0,1,0.0412209,0.0129082,0.00531491,-7.45784e-05,-0.00106518,0.00374804,4.46982e-07,1.23769e-06,-1.98832e-08,-0.841346,-0.397947,-0.365753,0.359676,-0.510931,0.806309,0.298019,0.0240638,0.176315,0.437611,-0.881709,0.350717,0,0,0,1,0.0321454,-0.074245,-0.0333403,0.000938463,-2.40874e-05,-0.00104494,-1.14124e-07,-2.58954e-06,-1.72987e-07
73465.3, 0.0733241, -0.208545, 0.76792, 0.713578, 0.698762, 0.0496257, 0.00869424, 0.337939, 0.0118427, 0.352833, -0.233984, 0.941323, 0.193654, 0.147174
# 73465.3,0.0185388,0.998105,0.0586732,0.0733241,0.996379,-0.0233131,0.0817611,-0.208545,0.0829741,0.056945,-0.994923,0.76792,0,0,0,1,0.0405661,0.0132698,0.0053495,-0.000110447,-0.00114755,0.0038587,4.59398e-07,1.27163e-06,-2.11616e-08,-0.847183,-0.383507,-0.367699,0.337939,-0.49751,0.8155,0.295709,0.0118427,0.186452,0.433454,-0.881677,0.352833,0,0,0,1,0.0314022,-0.0741809,-0.033171,0.000883401,-3.01082e-05,-0.00146341,-1.23214e-07,-2.65185e-06,-1.68399e-07
74623.3, 0.0734744, -0.207226, 0.767541, 0.711351, 0.701032, 0.0495722, 0.00870361, 0.354074, 0.00478079, 0.342057, -0.23585, 0.940418, 0.1948, 0.148461
# 74623.3,0.0121929,0.998223,0.0583235,0.0734744,0.996497,-0.0169563,0.0818861,-0.207226,0.0827296,0.0571208,-0.994934,0.767541,0,0,0,1,0.0399747,0.0130883,0.00532342,-8.79908e-05,-0.00111769,0.00387424,4.73604e-07,1.30656e-06,-2.22352e-08,-0.844668,-0.385756,-0.371119,0.354074,-0.501437,0.812855,0.296358,0.00478079,0.187344,0.436416,-0.880025,0.342057,0,0,0,1,0.031248,-0.0736671,-0.0334713,0.000890438,-4.30101e-05,-0.00155847,-1.16275e-07,-2.7172e-06,-1.7179e-07
75752.8, 0.0749461, -0.205893, 0.768314, 0.708953, 0.703499, 0.0488843, 0.00922807, 0.369572, 0.00219147, 0.331139, -0.239114, 0.93901, 0.196855, 0.149439
# 75752.8,0.00539829,0.998398,0.0563294,0.0749461,0.996593,-0.0100073,0.0818647,-0.205893,0.0822972,0.0556956,-0.99505,0.768314,0,0,0,1,0.039556,0.0125603,0.00530604,-8.99344e-05,-0.00108413,0.0038984,4.86537e-07,1.33915e-06,-2.27836e-08,-0.840985,-0.390226,-0.374791,0.369572,-0.507897,0.808145,0.298231,0.00219147,0.186508,0.441163,-0.877833,0.331139,0,0,0,1,0.0308552,-0.0730717,-0.0336147,0.000917539,-5.76795e-05,-0.0016071,-1.07138e-07,-2.78449e-06,-1.76631e-07
76970.3, 0.0768841, -0.204288, 0.768233, 0.706624, 0.705868, 0.0484191, 0.00940593, 0.386095, -0.00270629, 0.318315, -0.243689, 0.937051, 0.199827, 0.150401
# 76970.3,-0.00118933,0.998477,0.0551495,0.0768841,0.996656,-0.00332258,0.081648,-0.204288,0.0817069,0.0550622,-0.995134,0.768233,0,0,0,1,0.0392376,0.0123243,0.00509706,-7.81788e-05,-0.00104759,0.00391023,5.0025e-07,1.37478e-06,-2.3946e-08,-0.835991,-0.39659,-0.379257,0.386095,-0.516807,0.80137,0.301194,-0.00270629,0.184475,0.447798,-0.874898,0.318315,0,0,0,1,0.0306103,-0.0721966,-0.0337379,0.000965227,-7.30252e-05,-0.00162001,-9.66792e-08,-2.85363e-06,-1.82419e-07
78081.5, 0.0741876, -0.207266, 0.768318, 0.704507, 0.708, 0.0479905, 0.0101266, 0.399229, -0.00170285, 0.308179, -0.248965, 0.934776, 0.203413, 0.151105
# 78081.5,-0.0071353,0.998554,0.05328,0.0741876,0.99661,0.0027342,0.0822232,-0.207266,0.0819586,0.0536861,-0.995189,0.768318,0,0,0,1,0.0387431,0.0121199,0.00507956,-8.07628e-05,-0.00102347,0.00391714,5.16317e-07,1.41067e-06,-2.45382e-08,-0.830367,-0.40398,-0.383785,0.399229,-0.526927,0.793279,0.305051,-0.00170285,0.181214,0.455531,-0.871581,0.308179,0,0,0,1,0.0309425,-0.0720559,-0.0344311,0.00102706,-8.94877e-05,-0.0015976,-8.57855e-08,-2.92279e-06,-1.88733e-07
79207.3, 0.0516994, -0.212995, 0.765021, 0.705392, 0.707163, 0.0471685, 0.0108576, 0.408226, -0.00814726, 0.289724, -0.265212, 0.928137, 0.212328, 0.15212
# 79207.3,-0.00460901,0.998678,0.0511883,0.0516994,0.99663,0.000395042,0.0820293,-0.212995,0.0819006,0.0513939,-0.995315,0.765021,0,0,0,1,0.0389285,0.0133114,0.00496996,-0.00010326,-0.00100412,0.00384957,5.30263e-07,1.43897e-06,-2.5491e-08,-0.813044,-0.427708,-0.395001,0.408226,-0.556906,0.769158,0.313451,-0.00814726,0.169753,0.474828,-0.863552,0.289724,0,0,0,1,0.0319647,-0.0725499,-0.0368257,0.00119428,-0.000179697,-0.00126404,-6.57217e-08,-2.98698e-06,-1.96888e-07
80362.6, 0.0540123, -0.209206, 0.765518, 0.703763, 0.708815, 0.0467375, 0.0106488, 0.421773, -0.00941723, 0.278815, -0.272636, 0.924886, 0.216639, 0.152721
# 80362.6,-0.00920755,0.998672,0.0506882,0.0540123,0.996681,0.00506554,0.0812449,-0.209206,0.0808803,0.051268,-0.995404,0.765518,0,0,0,1,0.0386108,0.0127517,0.00494548,-8.59741e-05,-0.000967912,0.00384086,5.40344e-07,1.46874e-06,-2.60463e-08,-0.804692,-0.438144,-0.400626,0.421773,-0.570485,0.757474,0.317457,-0.00941723,0.164372,0.484007,-0.859488,0.278815,0,0,0,1,0.0327292,-0.0735949,-0.0379868,0.00126389,-0.000204853,-0.00118677,-5.61148e-08,-3.05787e-06,-2.01852e-07
81457.7, 0.0559105, -0.205284, 0.765681, 0.702105, 0.710488, 0.0463644, 0.0102615, 0.43245, -0.00562066, 0.270727, -0.280347, 0.921329, 0.221784, 0.152874
# 81457.7,-0.0138857,0.998626,0.050524,0.0559105,0.996723,0.009797,0.0802921,-0.205284,0.0796868,0.0514734,-0.99549,0.765681,0,0,0,1,0.0383596,0.0127468,0.00498553,-6.31831e-05,-0.000927311,0.00383505,5.5008e-07,1.49966e-06,-2.68522e-08,-0.79607,-0.448773,-0.406048,0.43245,-0.584394,0.744435,0.322956,-0.00562066,0.157342,0.494388,-0.854883,0.270727,0,0,0,1,0.0333847,-0.072652,-0.0385542,0.00135473,-0.00022221,-0.00109433,-4.67988e-08,-3.12923e-06,-2.07217e-07
82624.9, 0.0587633, -0.202016, 0.765994, 0.700326, 0.712273, 0.0459811, 0.009803, 0.44389, -0.00468936, 0.261414, -0.288819, 0.917263, 0.22777, 0.152753
# 82624.9,-0.018894,0.998548,0.0504387,0.0587633,0.996745,0.0148577,0.0792328,-0.202016,0.0783684,0.0517716,-0.995579,0.765994,0,0,0,1,0.0381213,0.0130903,0.00508144,-3.97527e-05,-0.000891004,0.00382849,5.61044e-07,1.53188e-06,-2.77062e-08,-0.7865,-0.460261,-0.411798,0.44389,-0.599431,0.729409,0.329614,-0.00468936,0.148661,0.506086,-0.849575,0.261414,0,0,0,1,0.0337718,-0.070992,-0.0387805,0.00146144,-0.000237962,-0.000984987,-3.76431e-08,-3.20188e-06,-2.12944e-07
83781.1, 0.0609798, -0.198714, 0.766106, 0.698513, 0.714096, 0.0453926, 0.0093395, 0.454443, -0.00272162, 0.252841, -0.297559, 0.912894, 0.234121, 0.152549
# 83781.1,-0.0239861,0.998457,0.0500761,0.0609798,0.996762,0.0200396,0.0778769,-0.198714,0.0767533,0.0517819,-0.995705,0.766106,0,0,0,1,0.0376673,0.0130051,0.00507105,-1.9862e-05,-0.000850031,0.00382207,5.7209e-07,1.56479e-06,-2.88297e-08,-0.776375,-0.47185,-0.417851,0.454443,-0.614709,0.713293,0.33667,-0.00272162,0.139192,0.518239,-0.843833,0.252841,0,0,0,1,0.0335111,-0.069712,-0.038793,0.00157398,-0.000254769,-0.000868663,-2.83479e-08,-3.2752e-06,-2.18872e-07
84933.7, 0.0624599, -0.197522, 0.765384, 0.700949, 0.712074, 0.0398103, 0.00607154, 0.484455, 0.0143827, 0.219803, -0.301855, 0.910939, 0.237098, 0.151191
# 84933.7,-0.0172676,0.998738,0.0471632,0.0624599,0.997771,0.0141716,0.0652074,-0.197522,0.0644567,0.048184,-0.996757,0.765384,0,0,0,1,0.0373628,0.012597,0.00483832,-1.72873e-05,-0.000683152,0.00370386,5.84173e-07,1.59817e-06,-3.03514e-08,-0.77205,-0.478249,-0.418589,0.484455,-0.621637,0.705336,0.340689,0.0143827,0.132312,0.523239,-0.841852,0.219803,0,0,0,1,0.0345689,-0.0674735,-0.040381,0.0016176,-0.000227808,-0.000867436,-3.01961e-08,-3.3448e-06,-2.1568e-07
86091.2, 0.0628824, -0.19792, 0.765387, 0.699812, 0.713209, 0.0395104, 0.00600417, 0.502127, 0.0222629, 0.204888, -0.31393, 0.904381, 0.247111, 0.149929
# 86091.2,-0.0204554,0.998698,0.0467352,0.0628824,0.997749,0.0174053,0.0647619,-0.19792,0.0638642,0.0479548,-0.996806,0.765387,0,0,0,1,0.036803,0.0122693,0.00482764,-2.14112e-06,-0.000655347,0.00367587,5.97725e-07,1.63237e-06,-3.13038e-08,-0.757938,-0.493727,-0.426337,0.502127,-0.641923,0.680768,0.352831,0.0222629,0.116035,0.5411,-0.832915,0.204888,0,0,0,1,0.0357232,-0.0662868,-0.0417935,0.00180985,-0.000241169,-0.000648399,-1.15176e-08,-3.4144e-06,-2.26965e-07
87196.3, 0.0632551, -0.198884, 0.767657, 0.698723, 0.714318, 0.0386166, 0.0067547, 0.518047, 0.0293394, 0.191715, -0.326329, 0.897427, 0.257023, 0.148569
# 87196.3,-0.0234821,0.998742,0.0443145,0.0632551,0.997698,0.0205908,0.0646083,-0.198884,0.0636145,0.0457297,-0.996926,0.767657,0,0,0,1,0.0372851,0.0133623,0.00508758,-1.37711e-05,-0.000628939,0.00365321,6.11264e-07,1.66486e-06,-3.09235e-08,-0.742873,-0.509343,-0.434408,0.518047,-0.662085,0.654897,0.364354,0.0293394,0.0989118,0.558284,-0.823733,0.191715,0,0,0,1,0.0369909,-0.0660063,-0.0436264,0.00199557,-0.000255684,-0.000420522,5.68254e-09,-3.4828e-06,-2.37116e-07
88332.8, 0.0629136, -0.197304, 0.767654, 0.697643, 0.715409, 0.0378943, 0.00695466, 0.533149, 0.0342509, 0.178678, -0.339234, 0.889906, 0.26693, 0.147431
# 88332.8,-0.0264908,0.998727,0.0429225,0.0629136,0.997673,0.0237156,0.0639235,-0.197304,0.0628242,0.044516,-0.997031,0.767654,0,0,0,1,0.0382584,0.014149,0.00497885,-1.13734e-05,-0.0005993,0.00362794,6.23404e-07,1.69798e-06,-3.21819e-08,-0.726369,-0.525065,-0.443503,0.533149,-0.68248,0.627337,0.375058,0.0342509,0.0812964,0.575112,-0.814025,0.178678,0,0,0,1,0.0383163,-0.0661843,-0.0454975,0.0021774,-0.000275138,-0.000184673,2.17318e-08,-3.55126e-06,-2.46575e-07
89500.4, 0.0632941, -0.194039, 0.767545, 0.696482, 0.716576, 0.0372449, 0.00665985, 0.548085, 0.0372416, 0.165308, -0.352611, 0.881845, 0.276808, 0.146261
# 89500.4,-0.0297365,0.998661,0.0423363,0.0632941,0.997669,0.0270508,0.0626546,-0.194039,0.0614255,0.0441007,-0.997137,0.767545,0,0,0,1,0.0377381,0.0138367,0.00487992,2.82132e-06,-0.000563168,0.00360274,6.34756e-07,1.73235e-06,-3.34299e-08,-0.708546,-0.540924,-0.453171,0.548085,-0.702869,0.598085,0.385057,0.0372416,0.062748,0.59135,-0.80397,0.165308,0,0,0,1,0.0396563,-0.0647151,-0.0469801,0.0023526,-0.00029894,5.79796e-05,3.70283e-08,-3.61969e-06,-2.55362e-07
90601.6, 0.0625854, -0.195015, 0.766448, 0.695906, 0.717115, 0.0373334, 0.00815875, 0.580173, 0.0612543, 0.125235, -0.367326, 0.872589, 0.288549, 0.142828
# 90601.6,-0.0312962,0.998699,0.0402595,0.0625854,0.997481,0.0286418,0.0649001,-0.195015,0.0636626,0.0421892,-0.997079,0.766448,0,0,0,1,0.0375853,0.0135926,0.00478285,-1.05928e-05,-0.000566732,0.00355699,6.45355e-07,1.76605e-06,-3.42146e-08,-0.689344,-0.558623,-0.461243,0.580173,-0.723475,0.563622,0.398641,0.0612543,0.0372761,0.608499,-0.792679,0.125235,0,0,0,1,0.0415772,-0.0615859,-0.0495423,0.0025977,-0.000280448,0.000373461,2.38957e-08,-3.68916e-06,-2.40491e-07
91735.9, 0.0608461, -0.195233, 0.766124, 0.694995, 0.71802, 0.037027, 0.00770869, 0.592476, 0.0663139, 0.113926, -0.380085, 0.863861, 0.298772, 0.141476
# 91735.9,-0.033846,0.99861,0.0403972,0.0608461,0.997469,0.0312228,0.0638873,-0.195233,0.0625372,0.0424573,-0.997139,0.766124,0,0,0,1,0.0371502,0.0132697,0.0047676,1.04228e-05,-0.000535725,0.00352564,6.58563e-07,1.80073e-06,-3.53196e-08,-0.67104,-0.572143,-0.471549,0.592476,-0.741219,0.532542,0.408648,0.0663139,0.0173143,0.62374,-0.78144,0.113926,0,0,0,1,0.0420735,-0.059501,-0.0500387,0.00277889,-0.000303946,0.000600954,3.7275e-08,-3.75855e-06,-2.48788e-07
92821.2, 0.0574629, -0.19543, 0.765636, 0.694294, 0.718725, 0.0366297, 0.00701829, 0.602149, 0.074782, 0.106264, -0.3924, 0.855065, 0.308617, 0.140153
# 92821.2,-0.0358134,0.998526,0.0407751,0.0574629,0.997498,0.0332284,0.0623988,-0.19543,0.060952,0.0429078,-0.997218,0.765636,0,0,0,1,0.0367291,0.0130975,0.0047599,3.31736e-05,-0.000502616,0.00349328,6.70859e-07,1.83476e-06,-3.64391e-08,-0.652759,-0.584548,-0.481881,0.602149,-0.757561,0.501556,0.417783,0.074782,-0.00252335,0.637766,-0.770226,0.106264,0,0,0,1,0.042542,-0.0574574,-0.0505207,0.00295251,-0.000326604,0.000821164,5.04732e-08,-3.82745e-06,-2.56488e-07
93945.3, 0.0215981, -0.389491, 0.81382, 0.78381, 0.584074, -0.12397, -0.170678, 0.558339, 0.182709, 0.15996, -0.412779, 0.84022, 0.324359, 0.135777
# 93945.3,0.286978,0.957924,0.00503915,0.0215981,0.873288,-0.259453,-0.412374,-0.389491,-0.393715,0.122743,-0.911001,0.81382,0,0,0,1,0.0364071,-0.00840227,0.00510122,0.0012701,0.00557215,-0.000462889,8.7751e-07,1.8821e-06,1.35639e-08,-0.622356,-0.60557,-0.495942,0.558339,-0.781731,0.448809,0.432974,0.182709,-0.0396127,0.657158,-0.752712,0.15996,0,0,0,1,0.0373783,-0.0486622,-0.0468251,0.00326217,-0.000337899,0.00128211,8.33772e-08,-3.99146e-06,-2.76665e-07
95061.6, 0.0271242, -0.40146, 0.797215, 0.801431, 0.540773, -0.150614, -0.206371, 0.57608, 0.237378, 0.109515, -0.421949, 0.833258, 0.329383, 0.138374
# 95061.6,0.369761,0.928949,-0.0182147,0.0271242,0.804619,-0.329952,-0.49368,-0.40146,-0.464614,0.167888,-0.869453,0.797215,0,0,0,1,0.0369989,-0.0111072,0.00386261,0.00164852,0.00644108,-0.00137349,9.06075e-07,1.89348e-06,-1.20572e-08,-0.605623,-0.612028,-0.508569,0.57608,-0.794341,0.426931,0.432149,0.237378,-0.0473635,0.665696,-0.744719,0.109515,0,0,0,1,0.0380566,-0.0447719,-0.0505273,0.00330261,-0.000431344,0.00137988,1.25766e-07,-4.06389e-06,-3.13348e-07
96172.3, 0.095198, -0.415766, 0.698112, 0.83137, 0.508426, -0.167326, -0.149431, 0.623346, 0.278676, 0.0297528, -0.459569, 0.777047, 0.409269, 0.132264
# 96172.3,0.42701,0.895387,-0.12627,0.095198,0.795373,-0.438347,-0.41861,-0.415766,-0.430168,0.0783196,-0.899345,0.698112,0,0,0,1,0.0377264,-0.0126096,-0.00161075,0.000174271,0.00582872,-0.00265054,7.60945e-07,1.87081e-06,-1.41527e-07,-0.542606,-0.60595,-0.581725,0.623346,-0.822476,0.24259,0.514474,0.278676,-0.170624,0.757611,-0.63001,0.0297528,0,0,0,1,0.0415201,-0.0375799,-0.0616411,0.0051902,-0.000818148,0.00263852,1.39782e-07,-4.05964e-06,-3.61735e-07
97468.7, 0.0969679, -0.402277, 0.704, 0.831933, 0.509681, -0.165858, -0.14354, 0.656186, 0.278871, 0.000552053, -0.475237, 0.761273, 0.422586, 0.126624
# 97468.7,0.425432,0.895656,-0.129646,0.0969679,0.800427,-0.439242,-0.407901,-0.402277,-0.422285,0.0697621,-0.903775,0.704,0,0,0,1,0.0386772,-0.0105112,-0.0012353,0.000105436,0.00563044,-0.0026263,7.59926e-07,1.91208e-06,-1.24622e-07,-0.516233,-0.616552,-0.594448,0.656186,-0.830589,0.191141,0.523055,0.278871,-0.208867,0.76376,-0.610775,0.000552053,0,0,0,1,0.0446111,-0.038376,-0.0656135,0.00542759,-0.000770352,0.00293882,1.58746e-07,-4.1079e-06,-3.64837e-07
98641.6, 0.0924678, -0.389085, 0.710968, 0.832276, 0.51155, -0.162633, -0.138502, 0.68198, 0.282086, -0.0209669, -0.490851, 0.745242, 0.434545, 0.121861
# 98641.6,0.423734,0.896553,-0.129009,0.0924678,0.806453,-0.438267,-0.396934,-0.389085,-0.412413,0.0641544,-0.908735,0.710968,0,0,0,1,0.0376002,-0.00962122,-0.000429501,7.41355e-05,0.00542358,-0.00259274,7.61038e-07,1.95339e-06,-1.08871e-07,-0.488431,-0.625698,-0.608225,0.68198,-0.837513,0.140472,0.528052,0.282086,-0.244962,0.767313,-0.592641,-0.0209669,0,0,0,1,0.0461309,-0.0362093,-0.0665502,0.00564371,-0.000742807,0.00324871,1.75228e-07,-4.15891e-06,-3.66506e-07
99761.8, 0.0852802, -0.37774, 0.717984, 0.832374, 0.513796, -0.158282, -0.134588, 0.702252, 0.286758, -0.0373098, -0.506177, 0.728845, 0.445821, 0.117536
# 99761.8,0.421921,0.897947,-0.125198,0.0852802,0.812735,-0.435799,-0.386705,-0.37774,-0.401801,0.0614063,-0.913666,0.717984,0,0,0,1,0.0369227,-0.00835159,4.43042e-05,7.81697e-05,0.00521799,-0.00254933,7.63686e-07,1.994e-06,-9.48814e-08,-0.459941,-0.633049,-0.622659,0.702252,-0.842648,0.0900582,0.53088,0.286758,-0.279997,0.768856,-0.574859,-0.0373098,0,0,0,1,0.0474051,-0.0338818,-0.0672907,0.00584562,-0.000728405,0.00355892,1.89252e-07,-4.21192e-06,-3.67373e-07
100929, 0.0800805, -0.366916, 0.724031, 0.832201, 0.516189, -0.153608, -0.131887, 0.721737, 0.289962, -0.0544164, -0.521899, 0.711569, 0.456576, 0.113268
# 100929,0.419907,0.899664,-0.119509,0.0800805,0.818628,-0.43231,-0.378095,-0.366916,-0.391824,0.0609315,-0.918021,0.724031,0,0,0,1,0.0364016,-0.00704598,0.00041774,0.000108094,0.0050267,-0.00249897,7.66084e-07,2.03401e-06,-8.25438e-08,-0.429583,-0.639303,-0.63777,0.721737,-0.846166,0.0383195,0.53154,0.289962,-0.315377,0.767999,-0.557418,-0.0544164,0,0,0,1,0.0484822,-0.031309,-0.0677336,0.00603306,-0.000718304,0.00387276,2.01462e-07,-4.26751e-06,-3.67441e-07
102061, 0.0989643, -0.352074, 0.706312, 0.844502, 0.509955, -0.131231, -0.0976751, 0.765086, 0.374976, -0.111057, -0.577601, 0.614782, 0.530668, 0.0825305
# 102061,0.445448,0.886953,-0.12203,0.0989643,0.835681,-0.46081,-0.298818,-0.352074,-0.32127,0.0311297,-0.946476,0.706312,0,0,0,1,0.0377707,-0.00660416,-0.00071045,-0.000253287,0.00410775,-0.00275075,7.514e-07,2.09791e-06,-6.83901e-08,-0.319131,-0.622605,-0.714505,0.765086,-0.79779,-0.230463,0.557151,0.374976,-0.511552,0.74783,-0.423161,-0.111057,0,0,0,1,0.0518994,-0.0148831,-0.0733986,0.00813562,-0.000701867,0.00589916,1.90475e-07,-4.29569e-06,-3.30696e-07
103277, 0.0931593, -0.347087, 0.712923, 0.843962, 0.511771, -0.128774, -0.0961035, 0.779549, 0.384529, -0.126078, -0.590225, 0.593317, 0.541709, 0.0784904
# 103277,0.443014,0.888582,-0.118995,0.0931593,0.83908,-0.457708,-0.294021,-0.347087,-0.315727,0.0304094,-0.948363,0.712923,0,0,0,1,0.0394934,-0.00560116,-0.000414399,-0.000228558,0.00399102,-0.00269539,7.60919e-07,2.1393e-06,-6.16727e-08,-0.290947,-0.615344,-0.7326,0.779549,-0.785419,-0.283628,0.550156,0.384529,-0.546321,0.735464,-0.400782,-0.126078,0,0,0,1,0.0532412,-0.0131369,-0.0765848,0.00833975,-0.000727524,0.00615924,2.01287e-07,-4.35999e-06,-3.33532e-07
104409, 0.085418, -0.33976, 0.717927, 0.843265, 0.513513, -0.12681, -0.0955424, 0.794274, 0.399028, -0.139045, 0.601639, -0.57289, -0.551675, -0.0740486
# 104409,0.440448,0.890286,-0.115745,0.085418,0.841823,-0.454353,-0.291372,-0.33976,-0.311994,0.0308977,-0.949582,0.717927,0,0,0,1,0.0385287,-0.00476787,-2.96638e-05,-0.000195053,0.00390141,-0.00264176,7.69008e-07,2.17914e-06,-5.62674e-08,-0.265096,-0.607644,-0.748661,0.794274,-0.771047,-0.332628,0.542997,0.399028,-0.578975,0.721199,-0.380343,-0.139045,0,0,0,1,0.0542844,-0.00931645,-0.0779516,0.008541,-0.000737865,0.00641046,2.15362e-07,-4.41856e-06,-3.379e-07
105600, 0.0810988, -0.333176, 0.721974, 0.842467, 0.515216, -0.124994, -0.0958037, 0.808727, 0.411245, -0.15456, 0.613448, -0.550849, -0.561581, -0.0698192
# 105600,0.437859,0.892054,-0.111887,0.0810988,0.844155,-0.450749,-0.290221,-0.333176,-0.309326,0.0326254,-0.950396,0.721974,0,0,0,1,0.0377349,-0.0041229,0.000327158,-0.00014915,0.0038252,-0.00258965,7.76912e-07,2.21813e-06,-5.20818e-08,-0.237615,-0.597416,-0.76592,0.808727,-0.754252,-0.383381,0.533031,0.411245,-0.612081,0.704353,-0.359505,-0.15456,0,0,0,1,0.0539489,-0.0057428,-0.0773261,0.00873881,-0.000759559,0.00667226,2.27488e-07,-4.48044e-06,-3.40958e-07
106734, 0.0754243, -0.32668, 0.7249, 0.841642, 0.516865, -0.123176, -0.0965285, 0.815996, 0.423044, -0.162189, 0.624877, -0.528278, -0.571062, -0.065877
# 106734,0.435357,0.89381,-0.107555,0.0754243,0.84625,-0.447066,-0.289815,-0.32668,-0.307124,0.0351547,-0.95102,0.7249,0,0,0,1,0.037139,-0.00382849,0.000660964,-9.79181e-05,0.00376184,-0.00253966,7.84181e-07,2.25541e-06,-4.90971e-08,-0.210379,-0.584977,-0.78329,0.815996,-0.735457,-0.433166,0.521029,0.423044,-0.644084,0.685689,-0.339097,-0.162189,0,0,0,1,0.0532978,-0.00206111,-0.0762512,0.00893543,-0.000791294,0.00693841,2.38315e-07,-4.5443e-06,-3.43341e-07
107873, 0.07406, -0.326315, 0.728947, 0.856494, 0.502054, -0.0998964, -0.0661917, 0.832244, 0.532327, -0.183405, 0.655221, -0.444849, -0.60897, -0.0441661
# 107873,0.475926,0.873236,-0.104658,0.07406,0.846787,-0.487121,-0.213692,-0.326315,-0.237585,0.0130788,-0.971279,0.728947,0,0,0,1,0.0366449,-0.00473578,0.000944582,-0.000338651,0.00301354,-0.00295051,8.08343e-07,2.27702e-06,-3.36062e-08,-0.13747,-0.529157,-0.837314,0.832244,-0.63674,-0.600318,0.483922,0.532327,-0.758726,0.599676,-0.25441,-0.183405,0,0,0,1,0.0520207,0.0130225,-0.0747636,0.0103567,-0.000828306,0.00826219,2.18185e-07,-4.60136e-06,-3.08131e-07
109093, 0.0731794, -0.324357, 0.731911, 0.856089, 0.502713, -0.0995826, -0.0668956, 0.83412, 0.546192, -0.186884, 0.665258, -0.416903, -0.618061, -0.0403033
# 109093,0.474727,0.874057,-0.103245,0.0731794,0.84741,-0.48561,-0.21466,-0.324357,-0.237762,0.0144144,-0.971217,0.731911,0,0,0,1,0.0366543,-0.00355628,0.000708938,-0.000303919,0.00298229,-0.00291297,8.18089e-07,2.31217e-06,-3.22297e-08,-0.111616,-0.504876,-0.855945,0.83412,-0.604516,-0.649135,0.461719,0.546192,-0.788735,0.568968,-0.232752,-0.186884,0,0,0,1,0.0510133,0.0173926,-0.0731222,0.0105882,-0.000887192,0.00853689,2.36587e-07,-4.66969e-06,-3.15055e-07
110183, 0.0689246, -0.31973, 0.733291, 0.855714, 0.503201, -0.0994536, -0.068206, 0.828336, 0.556192, -0.17966, 0.673985, -0.390631, -0.625932, -0.0368864
# 110183,0.473795,0.874759,-0.101565,0.0689246,0.847625,-0.484273,-0.21682,-0.31973,-0.23885,0.0166392,-0.970914,0.733291,0,0,0,1,0.0367793,-0.0033696,0.000616966,-0.000264747,0.00296525,-0.00288264,8.26409e-07,2.34691e-06,-3.15038e-08,-0.088767,-0.480382,-0.872556,0.828336,-0.572736,-0.692094,0.439295,0.556192,-0.81492,0.538739,-0.213697,-0.17966,0,0,0,1,0.0496592,0.021448,-0.0710904,0.0108064,-0.000947695,0.00879506,2.53413e-07,-4.73676e-06,-3.2058e-07
111325, 0.0652771, -0.315796, 0.734533, 0.855531, 0.503266, -0.0995954, -0.0697961, 0.824261, 0.566042, -0.174938, 0.682313, -0.363661, -0.633316, -0.0333329
# 111325,0.473608,0.875022,-0.100162,0.0652771,0.847216,-0.483704,-0.219671,-0.315796,-0.240666,0.0191795,-0.970419,0.734533,0,0,0,1,0.0378812,-0.00373852,0.000543179,-0.000225643,0.00295702,-0.00285949,8.35605e-07,2.38194e-06,-3.11165e-08,-0.066675,-0.45404,-0.888483,0.824261,-0.538481,-0.73328,0.415137,0.566042,-0.839996,0.506111,-0.195601,-0.174938,0,0,0,1,0.0487525,0.0250635,-0.0701824,0.0110164,-0.00100722,0.00904384,2.6972e-07,-4.80337e-06,-3.2542e-07
112529, 0.0635869, -0.31357, 0.735509, 0.855374, 0.50319, -0.0999174, -0.0717773, 0.820826, 0.576299, -0.171265, 0.690282, -0.335543, -0.640347, -0.0296313
# 112529,0.473632,0.875175,-0.0986982,0.0635869,0.846488,-0.483295,-0.223348,-0.31357,-0.243169,0.0222378,-0.969729,0.735509,0,0,0,1,0.0372687,-0.00382943,0.000728914,-0.000182878,0.00295625,-0.00283936,8.45765e-07,2.41672e-06,-3.12745e-08,-0.0452668,-0.425289,-0.903925,0.820826,-0.501187,-0.773066,0.38882,0.576299,-0.864155,0.470636,-0.178155,-0.171265,0,0,0,1,0.0466414,0.028603,-0.0670486,0.0112245,-0.00106844,0.00928966,2.86037e-07,-4.87025e-06,-3.29943e-07
113649, 0.0604904, -0.310631, 0.741019, 0.864683, 0.489758, -0.0853735, -0.0719146, 0.805633, 0.668353, -0.160694, 0.699194, -0.27236, -0.660773, -0.018101
# 113649,0.505698,0.85925,-0.0772006,0.0604904,0.834691,-0.509931,-0.207991,-0.310631,-0.218084,0.0407421,-0.975079,0.741019,0,0,0,1,0.0367308,-0.00428847,0.00141128,7.68288e-08,0.00267493,-0.00312342,8.50707e-07,2.45064e-06,-5.93729e-08,-0.0216008,-0.356944,-0.933876,0.805633,-0.404786,-0.850984,0.334624,0.668353,-0.914156,0.385249,-0.126104,-0.160694,0,0,0,1,0.041848,0.0373224,-0.0634299,0.0122151,-0.00114506,0.00997568,3.10439e-07,-5.03405e-06,-3.23198e-07
114816, 0.0597878, -0.307532, 0.741419, 0.864576, 0.489523, -0.0859625, -0.0740708, 0.806878, 0.684442, -0.159205, 0.704726, -0.245018, -0.6657, -0.0130735
# 114816,0.505956,0.859194,-0.0761235,0.0597878,0.833725,-0.509762,-0.212241,-0.307532,-0.221161,0.0439184,-0.974248,0.741419,0,0,0,1,0.036257,-0.00453573,0.00155761,3.81426e-05,0.00268455,-0.0031038,8.59634e-07,2.48445e-06,-6.0521e-08,-0.00638111,-0.327934,-0.944679,0.806878,-0.362747,-0.879591,0.30779,0.684442,-0.931866,0.344643,-0.113344,-0.159205,0,0,0,1,0.0397907,0.0388393,-0.0613459,0.0124055,-0.00116729,0.0101782,3.34027e-07,-5.08931e-06,-3.31787e-07
115963, 0.0572322, -0.30785, 0.74243, 0.864763, 0.48878, -0.0867028, -0.0759126, 0.802484, 0.695758, -0.152833, 0.709664, -0.217848, -0.669961, -0.00843493
# 115963,0.507154,0.85852,-0.0757457,0.0572322,0.832193,-0.510664,-0.21605,-0.30785,-0.224164,0.0465355,-0.97344,0.74243,0,0,0,1,0.0357066,-0.00485143,0.00169974,6.81615e-05,0.002691,-0.00309286,8.71183e-07,2.51708e-06,-6.19327e-08,0.00738894,-0.297896,-0.95457,0.802484,-0.3205,-0.904942,0.279927,0.695758,-0.94722,0.303871,-0.102162,-0.152833,0,0,0,1,0.0376644,0.0408846,-0.0586622,0.0125926,-0.00119756,0.0103774,3.57203e-07,-5.14676e-06,-3.40216e-07
117066, 0.0540937, -0.305388, 0.743096, 0.86479, 0.488239, -0.0875366, -0.0780943, 0.795236, 0.703151, -0.143036, 0.714001, -0.191183, -0.673525, -0.00408037
# 117066,0.507921,0.85812,-0.0751443,0.0540937,0.830775,-0.511049,-0.220548,-0.305388,-0.227659,0.0495929,-0.972477,0.743096,0,0,0,1,0.0351472,-0.0042843,0.00167396,0.000101505,0.00270455,-0.00308227,8.80826e-07,2.54974e-06,-6.31804e-08,0.0196275,-0.267513,-0.963354,0.795236,-0.278506,-0.926865,0.251706,0.703151,-0.960234,0.26336,-0.0926962,-0.143036,0,0,0,1,0.0352933,0.0423614,-0.0554569,0.0127695,-0.00123268,0.0105694,3.79758e-07,-5.20397e-06,-3.47763e-07
118188, 0.0518377, -0.304106, 0.743536, 0.864821, 0.48766, -0.0884261, -0.0803383, 0.786902, 0.709833, -0.132779, 0.717821, -0.164494, -0.676517, 7.82252e-05
# 118188,0.508738,0.857684,-0.0745898,0.0518377,0.829268,-0.511468,-0.2252,-0.304106,-0.231301,0.0527128,-0.971453,0.743536,0,0,0,1,0.0353319,-0.00484462,0.00183964,0.000134815,0.00271804,-0.00307229,8.91122e-07,2.58159e-06,-6.48566e-08,0.0305329,-0.23626,-0.97121,0.786902,-0.236048,-0.945884,0.222678,0.709833,-0.971262,0.222453,-0.0846492,-0.132779,0,0,0,1,0.0333503,0.0457412,-0.0524488,0.0129387,-0.00127092,0.0107525,4.01976e-07,-5.26126e-06,-3.5507e-07
119306, 0.0509002, -0.305823, 0.747534, 0.871385, 0.474528, -0.0931644, -0.0826565, 0.763254, 0.77826, -0.10917, 0.722454, -0.119886, -0.680897, 0.00821689
# 119306,0.532287,0.842394,-0.0839185,0.0509002,0.811592,-0.535982,-0.232469,-0.305823,-0.24081,0.055633,-0.968977,0.747534,0,0,0,1,0.0367798,-0.00528969,0.00200363,0.00012934,0.0027885,-0.00329455,8.97256e-07,2.61256e-06,-7.30548e-08,0.0440149,-0.184414,-0.981863,0.763254,-0.162034,-0.97112,0.175132,0.77826,-0.985803,0.151387,-0.072625,-0.10917,0,0,0,1,0.0301196,0.0527585,-0.0485013,0.0134194,-0.00129812,0.0111925,4.62309e-07,-5.34988e-06,-3.73925e-07
120474, 0.0509599, -0.305095, 0.747011, 0.871594, 0.473633, -0.0941546, -0.0844441, 0.752069, 0.783824, -0.0955499, 0.724839, -0.0924338, -0.682574, 0.0125223
# 120474,0.533614,0.841532,-0.0841383,0.0509599,0.809729,-0.537083,-0.236391,-0.305095,-0.24412,0.0580126,-0.968008,0.747011,0,0,0,1,0.0362992,-0.00546429,0.00198298,0.000153876,0.00279736,-0.00328666,9.07603e-07,2.6438e-06,-7.54165e-08,0.0510963,-0.151094,-0.987198,0.752069,-0.116904,-0.982598,0.144339,0.783824,-0.991828,0.108033,-0.0678707,-0.0955499,0,0,0,1,0.0276736,0.0543575,-0.0445918,0.0135815,-0.00133844,0.0113567,4.89123e-07,-5.40914e-06,-3.8456e-07
121604, 0.0523245, -0.305801, 0.74784, 0.871846, 0.472701, -0.0954574, -0.0855904, 0.739016, 0.785321, -0.0784583, 0.726588, -0.0666818, -0.68363, 0.016545
# 121604,0.534883,0.840586,-0.0855309,0.0523245,0.807905,-0.538455,-0.239489,-0.305801,-0.247366,0.0589976,-0.967124,0.74784,0,0,0,1,0.0363989,-0.00559066,0.00181927,0.000165112,0.00280339,-0.00327839,9.184e-07,2.67314e-06,-7.70701e-08,0.0564074,-0.119522,-0.991228,0.739016,-0.0742791,-0.99056,0.115214,0.785321,-0.995641,0.0671286,-0.0647529,-0.0784583,0,0,0,1,0.0252356,0.0556987,-0.0407507,0.0137281,-0.00137592,0.0115051,5.15039e-07,-5.46764e-06,-3.94442e-07
122718, 0.0525247, -0.305372, 0.747694, 0.871942, 0.472005, -0.0966392, -0.0871234, 0.725752, 0.787692, -0.0607851, 0.727743, -0.0418252, -0.684268, 0.0204615
# 122718,0.535745,0.83996,-0.0862822,0.0525247,0.806282,-0.539242,-0.243161,-0.305372,-0.250773,0.0607047,-0.966141,0.747694,0,0,0,1,0.0364032,-0.00619151,0.00175834,0.000183129,0.00281216,-0.00326814,9.28466e-07,2.70367e-06,-7.90095e-08,0.0600573,-0.0888784,-0.99423,0.725752,-0.0328738,-0.995664,0.0870208,0.787692,-0.997654,0.0274579,-0.0627187,-0.0607851,0,0,0,1,0.0228491,0.057349,-0.0369951,0.0138632,-0.00141083,0.0116366,5.40253e-07,-5.52512e-06,-4.04012e-07
123823, 0.050279, -0.306075, 0.747857, 0.872095, 0.471215, -0.0978359, -0.0885142, 0.712134, 0.790219, -0.0421863, 0.728446, -0.017969, -0.684437, 0.0242844
# 123823,0.536769,0.839208,-0.0872259,0.050279,0.804569,-0.540244,-0.246589,-0.306075,-0.254063,0.0621821,-0.965187,0.747857,0,0,0,1,0.0363023,-0.00665775,0.00181537,0.000198302,0.00282008,-0.00325948,9.39851e-07,2.73524e-06,-8.0946e-08,0.0624475,-0.0594212,-0.996278,0.712134,0.0070633,-0.998175,0.0599771,0.790219,-0.998023,-0.0107824,-0.0619138,-0.0421863,0,0,0,1,0.0204944,0.0589593,-0.0333332,0.0139876,-0.00144283,0.0117551,5.64509e-07,-5.58122e-06,-4.13112e-07
124937, 0.0502816, -0.308917, 0.74914, 0.871341, 0.473381, -0.0974144, -0.0847731, 0.691609, 0.843177, -0.0199377, 0.723781, -0.00123574, -0.689563, 0.0253589
# 124937,0.532842,0.841468,-0.0895023,0.0502816,0.808435,-0.537449,-0.239961,-0.308917,-0.250022,0.0555044,-0.966648,0.74914,0,0,0,1,0.0363682,-0.00624712,0.00145168,0.000168105,0.00276357,-0.00320208,9.48403e-07,2.76616e-06,-8.44114e-08,0.0490037,-0.0367619,-0.998122,0.691609,0.0331842,-0.998711,0.0384128,0.843177,-0.998247,-0.0350043,-0.0477206,-0.0199377,0,0,0,1,0.0180531,0.0638106,-0.0303727,0.0142294,-0.00148349,0.0116611,5.1625e-07,-5.6458e-06,-3.54625e-07
126033, 0.0486886, -0.312181, 0.748776, 0.871633, 0.47254, -0.0983643, -0.0853564, 0.674628, 0.832089, 0.00477395, 0.723894, 0.015498, -0.689171, 0.0279571
# 126033,0.534061,0.840555,-0.0908065,0.0486886,0.806971,-0.538841,-0.241761,-0.312181,-0.252144,0.0558369,-0.966078,0.748776,0,0,0,1,0.0360237,-0.00665223,0.00128448,0.000174606,0.00275866,-0.00319568,9.61712e-07,2.79578e-06,-8.67162e-08,0.0496075,-0.0160966,-0.998639,0.674628,0.0609723,-0.997956,0.0191144,0.832089,-0.996906,-0.0618375,-0.0485246,0.00477395,0,0,0,1,0.0160897,0.0650556,-0.0272902,0.0143093,-0.00150553,0.0117328,5.39665e-07,-5.70013e-06,-3.63028e-07
127139, 0.0507155, -0.31424, 0.74895, 0.871913, 0.471741, -0.0996014, -0.0854899, 0.661791, 0.834814, 0.0233719, 0.723894, 0.0340697, -0.688373, 0.0309753
# 127139,0.535081,0.839663,-0.0930294,0.0507155,0.805603,-0.540305,-0.243051,-0.31424,-0.254346,0.0551074,-0.965542,0.74895,0,0,0,1,0.0362239,-0.00667254,0.00105085,0.000172044,0.00275242,-0.00318606,9.73415e-07,2.82458e-06,-8.83134e-08,0.0499642,0.00668062,-0.998729,0.661791,0.0919709,-0.99576,-0.00205964,0.834814,-0.994507,-0.0917511,-0.0503668,0.0233719,0,0,0,1,0.013662,0.0665471,-0.0230502,0.0143792,-0.00152403,0.0117961,5.61828e-07,-5.75393e-06,-3.70717e-07
128275, 0.0526463, -0.314202, 0.748169, 0.871999, 0.471294, -0.100684, -0.0858006, 0.660826, 0.852716, 0.0305721, 0.723318, 0.0517636, -0.6877, 0.0346408
# 128275,0.535489,0.839214,-0.0947173,0.0526463,0.804659,-0.54104,-0.244539,-0.314202,-0.256467,0.0547329,-0.965002,0.748169,0,0,0,1,0.0382818,-0.00718984,0.00075291,0.000174019,0.00274593,-0.00317064,9.83967e-07,2.85524e-06,-9.00175e-08,0.0487782,0.027238,-0.998438,0.660826,0.122528,-0.992241,-0.0210829,0.852716,-0.991266,-0.121308,-0.0517371,0.0305721,0,0,0,1,0.0131783,0.0690715,-0.0252775,0.0144357,-0.00152107,0.0118194,5.77836e-07,-5.80278e-06,-3.73304e-07
129481, 0.0555944, -0.314298, 0.746324, 0.871987, 0.471014, -0.101606, -0.0863753, 0.657609, 0.869406, 0.0363757, 0.723225, 0.0711364, -0.685876, 0.038197
# 129481,0.535643,0.838989,-0.0958298,0.0555944,0.803884,-0.54137,-0.246352,-0.314298,-0.258566,0.0549207,-0.964431,0.746324,0,0,0,1,0.0382046,-0.00775889,0.000631486,0.00018165,0.0027399,-0.0031523,9.94404e-07,2.88745e-06,-9.22488e-08,0.0490269,0.0504985,-0.99752,0.657609,0.155292,-0.986961,-0.0423315,0.869406,-0.986651,-0.152832,-0.0562297,0.0363757,0,0,0,1,0.0118144,0.0694928,-0.0237753,0.0144782,-0.00153019,0.0118671,5.96375e-07,-5.8546e-06,-3.76377e-07
130622, 0.0577501, -0.311676, 0.744249, 0.864779, 0.481695, -0.109292, -0.0904583, 0.64889, 0.88212, 0.0440271, 0.724869, 0.0580936, -0.685469, 0.0363725
# 130622,0.512049,0.852893,-0.101881,0.0577501,0.813347,-0.519574,-0.261744,-0.311676,-0.276174,0.0511614,-0.959745,0.744249,0,0,0,1,0.0381242,-0.00719108,0.000375384,0.000180709,0.00285862,-0.00291418,9.99238e-07,2.92046e-06,-9.47729e-08,0.0535154,0.034356,-0.997976,0.64889,0.134085,-0.990604,-0.0269121,0.88212,-0.989524,-0.132373,-0.0576192,0.0440271,0,0,0,1,0.0113512,0.0693484,-0.0235644,0.0141745,-0.00145623,0.0115405,6.51785e-07,-5.97312e-06,-4.01767e-07
