# Augmented data file with coordinate frame info.
8365.27,  0.0226244,  0.601208,  0.673196,  -0.166774,  0.959727,  0.178211,  0.139108,  -0.171371,  -0.305382,  0.734803,  0.813037,  0.576055,  -0.000220481,  -0.0844471, 0.3, -0.0811601870966, -0.097936030454, -0.110908887628, 0.264256351925, 0.0887006150632, 0.0622708653855, 0.116540141144, -0.269333872408, 0.3, 0.281023620367, 0.0290801522534, 0.281001277588, -0.096617571727, -0.0412713802497, -0.0292952633305, 0.0411189692136, -0.295721182733
9912.58,  0.0302199,  0.611839,  0.675233,  -0.218029,  0.947814,  0.180549,  0.146675,  -0.178116,  -0.32608,  0.732566,  0.812746,  0.576551,  -0.000851181,  -0.0838618, 0.3, -0.108101400257, -0.107031373148, -0.139879844986, 0.251919225198, 0.0834885198224, 0.0597934489906, 0.121863822515, -0.267533086215, 0.3, 0.281196359807, 0.0285952680575, 0.281110701977, -0.0963338165191, -0.0411894286069, -0.0294254202681, 0.040600529877, -0.295779887105
11467.9,  0.0450689,  0.622148,  0.675534,  -0.258631,  0.936322,  0.182778,  0.151669,  -0.186529,  -0.352828,  0.729569,  0.812461,  0.577036,  -0.00145174,  -0.0832727, 0.3, -0.12866406203, -0.113569828298, -0.16193016433, 0.239821335044, 0.0791476413914, 0.0568433693385, 0.126219199806, -0.266153235867, 0.3, 0.281364117577, 0.0281231217527, 0.281219049187, -0.0960570411645, -0.0410961216775, -0.0295385004926, 0.0400908740576, -0.295838129398
13054.8,  0.0696923,  0.629094,  0.672867,  -0.295335,  0.924261,  0.185709,  0.155016,  -0.196423,  -0.386221,  0.724496,  0.812148,  0.577574,  -0.00199767,  -0.0825827, 0.3, -0.146507407299, -0.118873091079, -0.181052883141, 0.226973566472, 0.0755172406096, 0.0530573810388, 0.130455278656, -0.264889287417, 0.3, 0.281544327299, 0.0276451302148, 0.281346359719, -0.0957530217595, -0.0409339064462, -0.0295920146637, 0.0395493437326, -0.295905664154
14621.7,  0.10259,  0.617613,  0.666034,  -0.332299,  0.910419,  0.188889,  0.158226,  -0.202481,  -0.424316,  0.717088,  0.811681,  0.578329,  -0.00237995,  -0.0818739, 0.3, -0.163586519393, -0.124091761619, -0.199451103992, 0.212338983607, 0.0716338827446, 0.0487706032918, 0.134727898794, -0.263571283605, 0.3, 0.28176825728, 0.0272509885444, 0.281534430212, -0.0952992324323, -0.0406991511363, -0.0295691019904, 0.0390474773493, -0.295974598099
16148,  0.141176,  0.606631,  0.655404,  -0.361546,  0.898349,  0.191985,  0.15936,  -0.208295,  -0.4589,  0.707764,  0.81132,  0.57894,  -0.00278567,  -0.0811214, 0.3, -0.176519804333, -0.127543346826, -0.213233469363, 0.199455778525, 0.0689121176319, 0.044249680054, 0.138051262548, -0.262647700778, 0.3, 0.281958916641, 0.0268226092357, 0.28168774373, -0.0949486989593, -0.0404568856738, -0.0295346926854, 0.038521602934, -0.296046935528
17688.1,  0.180643,  0.585289,  0.641135,  -0.389077,  0.885999,  0.195109,  0.159869,  -0.209102,  -0.488187,  0.696607,  0.810915,  0.579619,  -0.00302536,  -0.0803075, 0.3, -0.188117828545, -0.130533620043, -0.225548057002, 0.186331025986, 0.0663989663918, 0.0394387799099, 0.141040530837, -0.261824657549, 0.3, 0.282158885258, 0.0264566719146, 0.281867334273, -0.0945554648651, -0.0401256767393, -0.0294006443578, 0.0380214088894, -0.296124930692
19260.4,  0.215844,  0.556989,  0.625194,  -0.414943,  0.87349,  0.198073,  0.160012,  -0.204697,  -0.508717,  0.685143,  0.81038,  0.580472,  -0.00333751,  -0.079525, 0.3, -0.198452855956, -0.133174834999, -0.236485753613, 0.173153537978, 0.0639714047337, 0.0345479529363, 0.143646497516, -0.261097917838, 0.3, 0.282401313164, 0.0260744606069, 0.282082814219, -0.0940365824637, -0.039829726096, -0.0293200459581, 0.037504926101, -0.296198776877
20829.2,  0.242315,  0.528387,  0.608322,  -0.439084,  0.86096,  0.201109,  0.159713,  -0.195937,  -0.517619,  0.674292,  0.809803,  0.581376,  -0.00370244,  -0.0787859, 0.3, -0.207548433128, -0.135486155562, -0.246092101004, 0.160056240047, 0.0618116319598, 0.0295216575847, 0.145964543393, -0.260428154786, 0.3, 0.282655071801, 0.0256835937535, 0.282305031677, -0.0934768120143, -0.0395721455776, -0.0292814906146, 0.0369891335543, -0.296267443885
22390.7,  0.252923,  0.491075,  0.592771,  -0.463123,  0.847529,  0.204106,  0.159849,  -0.175677,  -0.518713,  0.664593,  0.808732,  0.582961,  -0.00430281,  -0.0780429, 0.3, -0.215930575096, -0.138001806918, -0.255081971239, 0.146314586082, 0.0593736460774, 0.0245703057157, 0.148209408062, -0.259673393783, 0.3, 0.283076959516, 0.0252096835015, 0.282673995065, -0.0924395050843, -0.0393744893785, -0.0293854668984, 0.0363644454271, -0.296334475625
23956.9,  0.264362,  0.47852,  0.578594,  -0.485635,  0.834225,  0.206895,  0.159441,  -0.16091,  -0.502925,  0.653549,  0.807485,  0.584802,  -0.00533898,  -0.0771133, 0.3, -0.22328485935, -0.14009111813, -0.262869926955, 0.132811809508, 0.057100129227, 0.0195205352382, 0.150016315248, -0.259063802689, 0.3, 0.283578224629, 0.0244709104223, 0.283084177172, -0.0912361731343, -0.0392340330161, -0.0296442840256, 0.0354873389847, -0.29641502188
25518.1,  0.269376,  0.473008,  0.565832,  -0.507929,  0.820275,  0.209705,  0.158683,  -0.146329,  -0.478728,  0.643971,  0.805946,  0.587066,  -0.00652284,  -0.0759035, 0.3, -0.230019037166, -0.142007450749, -0.269951002297, 0.118819062395, 0.0548496742946, 0.01418907627, 0.151569366803, -0.258506087282, 0.3, 0.28418335032, 0.0235820001468, 0.28358922226, -0.0897551617609, -0.0390021019315, -0.0298904725286, 0.034406893757, -0.296517664422
27073.8,  0.265691,  0.477206,  0.557078,  -0.529407,  0.806013,  0.212481,  0.157871,  -0.13594,  -0.448068,  0.637836,  0.804108,  0.589752,  -0.00791722,  -0.0744348, 0.3, -0.235898565046, -0.143840981841, -0.276152064315, 0.104748062218, 0.0526106532558, 0.00885428835392, 0.152904252624, -0.25795714975, 0.3, 0.284888079865, 0.0225190561545, 0.284180900066, -0.087991291056, -0.0387136763434, -0.0301586136453, 0.0331106425354, -0.296638067978
28647.6,  0.254702,  0.488806,  0.550402,  -0.549881,  0.791673,  0.2156,  0.15621,  -0.127328,  -0.41361,  0.63842,  0.802154,  0.592536,  -0.00927498,  -0.0732344, 0.3, -0.240988196247, -0.145332924006, -0.281402840286, 0.0906885525913, 0.0508726636599, 0.00306773689443, 0.153948938608, -0.257469053076, 0.3, 0.285590835246, 0.0215724497804, 0.284775737523, -0.0861225271802, -0.0385446446375, -0.0305004112124, 0.031949728256, -0.296730416001
30219.5,  0.231235,  0.502531,  0.548439,  -0.560734,  0.782922,  0.219669,  0.156063,  -0.120831,  -0.380255,  0.640995,  0.800697,  0.594574,  -0.0117449,  -0.0723033, 0.3, -0.242837364549, -0.147216677828, -0.283976024518, 0.0823936613534, 0.0506843374965, -0.000594432809987, 0.155696175123, -0.256433905133, 0.3, 0.286153791694, 0.0201513409712, 0.285134757291, -0.0847523166977, -0.0389257626678, -0.0314362725003, 0.03054590502, -0.296780572912
31718.5,  0.214241,  0.51753,  0.551254,  -0.568488,  0.777052,  0.221632,  0.154565,  -0.120309,  -0.348575,  0.649665,  0.798899,  0.597154,  -0.01306,  -0.0706882, 0.3, -0.244493034747, -0.147660178782, -0.285600915418, 0.076620278457, 0.0506107700172, -0.00353405579041, 0.156052840055, -0.256193328485, 0.3, 0.286793382303, 0.019066874227, 0.285685556719, -0.0830461448822, -0.0385629420858, -0.0315872206429, 0.0292043436351, -0.29689956855
33259,  0.193321,  0.538232,  0.553746,  -0.583761,  0.765342,  0.224355,  0.152117,  -0.122787,  -0.309664,  0.663276,  0.796833,  0.600045,  -0.0148413,  -0.069157, 0.3, -0.247589153658, -0.148434732478, -0.28854300388, 0.0653327643052, 0.0497449979414, -0.00872890182449, 0.15630496121, -0.255915152685, 0.3, 0.287497283671, 0.0178027684737, 0.286265627667, -0.0810979377144, -0.0384072247741, -0.0319940166235, 0.027720685065, -0.296998226459
34828,  0.166953,  0.563881,  0.560705,  -0.597268,  0.754737,  0.226624,  0.149279,  -0.129345,  -0.270391,  0.683135,  0.794603,  0.60316,  -0.0164711,  -0.0673331, 0.3, -0.250170117657, -0.148813039278, -0.290766376367, 0.0551474160815, 0.0491291855632, -0.0136133317911, 0.156120705644, -0.255814390656, 0.3, 0.288228801674, 0.0165147724739, 0.286897942679, -0.0789987722585, -0.0380626387467, -0.0322203400164, 0.0261409997409, -0.297116976664
36401.2,  0.137048,  0.593607,  0.571998,  -0.608305,  0.746098,  0.227644,  0.146564,  -0.141445,  -0.230007,  0.707987,  0.792234,  0.606472,  -0.0180371,  -0.0650569, 0.3, -0.25229443835, -0.14869685509, -0.29233173679, 0.0468859405945, 0.0484134716749, -0.0174755257681, 0.155400208985, -0.256018321701, 0.3, 0.288984493423, 0.0150993395309, 0.287576369084, -0.0767757518019, -0.0374875429914, -0.0322468515894, 0.0243607573029, -0.297265359681
37947.6,  0.112509,  0.628134,  0.588049,  -0.613467,  0.741534,  0.228148,  0.147424,  -0.157635,  -0.189576,  0.734191,  0.791345,  0.607803,  -0.0217308,  -0.0622573, 0.3, -0.252763344455, -0.149568739585, -0.293124742281, 0.04296398118, 0.0472438544588, -0.0183848204844, 0.155771589261, -0.255728782805, 0.3, 0.289400976817, 0.0123861732891, 0.287777495037, -0.0760196343395, -0.0374850442855, -0.0330220535598, 0.021635383346, -0.2973910795
39542.4,  0.0817511,  0.661015,  0.609111,  -0.619484,  0.73699,  0.227273,  0.146398,  -0.168296,  -0.148522,  0.771412,  0.78954,  0.610343,  -0.0248947,  -0.0590687, 0.3, -0.253968700675, -0.149211497959, -0.293895472774, 0.0387519545206, 0.046084022221, -0.0197388735416, 0.154913476168, -0.256148768829, 0.3, 0.290016180327, 0.00983807534619, 0.288251584742, -0.0743955776283, -0.0370988129581, -0.0334244891022, 0.0188656613368, -0.297534687643
41080.3,  0.0529619,  0.694279,  0.634324,  -0.622759,  0.735217,  0.223974,  0.146501,  -0.176362,  -0.10613,  0.813384,  0.78751,  0.612997,  -0.0289313,  -0.0567979, 0.3, -0.25503042851, -0.148315153765, -0.294405338101, 0.0372040475808, 0.0440608186641, -0.0190630847559, 0.153542630489, -0.257023849909, 0.3, 0.290630602851, 0.00721995006468, 0.288658719027, -0.0726052840774, -0.0374782157208, -0.0345603663441, 0.0161964629075, -0.297562187899
42654.9,  0.0241107,  0.729234,  0.66224,  -0.62385,  0.736208,  0.217045,  0.147309,  -0.184323,  -0.0655652,  0.857668,  0.784948,  0.616186,  -0.0328888,  -0.0555956, 0.3, -0.256386531615, -0.146312223435, -0.294753768499, 0.0382214603931, 0.0407349471715, -0.0161720832259, 0.151013464207, -0.258714895884, 0.3, 0.291301146087, 0.00506473402273, 0.289106981402, -0.0703346166701, -0.0383431219705, -0.036043897495, 0.0140244068157, -0.297496476394
44331.2,  -0.00462373,  0.764823,  0.693361,  -0.623169,  0.739469,  0.206355,  0.149212,  -0.194622,  -0.0216796,  0.906254,  0.781671,  0.620146,  -0.0370508,  -0.0550974, 0.3, -0.258013951227, -0.143358924791, -0.294962699346, 0.0414469649513, 0.0357652777301, -0.010953827642, 0.147346360893, -0.26109205961, 0.3, 0.292075191239, 0.00312414061556, 0.289625505734, -0.0674297195317, -0.0396270028142, -0.0378780149991, 0.0120546914666, -0.297354906456
45981,  -0.040476,  0.787905,  0.733158,  -0.616844,  0.747781,  0.189125,  0.156711,  -0.20001,  0.00708634,  0.951011,  0.77791,  0.624919,  -0.03971,  -0.0524948, 0.3, -0.258975870375, -0.140307741372, -0.29454144792, 0.0502410153932, 0.0268547170779, 0.000314932217125, 0.142854257675, -0.263804021732, 0.3, 0.292929093054, 0.00114851473348, 0.290427611627, -0.064032397455, -0.0393910456938, -0.0382174704588, 0.00961241482015, -0.297400447937
47515.7,  -0.0576357,  0.815647,  0.760761,  -0.6102,  0.756207,  0.17146,  0.162506,  -0.207743,  0.0364208,  0.997719,  0.774588,  0.628817,  -0.043937,  -0.0516958, 0.3, -0.260144592007, -0.136507867554, -0.293580533257, 0.0589544084657, 0.0182988582995, 0.0109579718534, 0.137292275718, -0.266515954271, 0.3, 0.293607186924, -0.00091552477326, 0.290881557718, -0.0611501076988, -0.0406027549343, -0.0399241503203, 0.00744876600942, -0.297238251418
49119.5,  -0.0807774,  0.846782,  0.7985,  -0.603799,  0.763728,  0.152043,  0.170382,  -0.216423,  0.0553588,  1.04051,  0.771108,  0.632899,  -0.0475915,  -0.0506471, 0.3, -0.261139481006, -0.133157244057, -0.292225924954, 0.0673860000518, 0.00794580277316, 0.0229932374751, 0.131397482688, -0.268711764859, 0.3, 0.294266673645, -0.00278621588639, 0.29137422434, -0.0581239390857, -0.0415050490371, -0.0412516618736, 0.0053602693222, -0.297101948673
50709.4,  -0.0945257,  0.869076,  0.830804,  -0.594115,  0.772983,  0.129812,  0.180757,  -0.222683,  0.0641577,  1.07766,  0.767841,  0.636737,  -0.051525,  -0.048282, 0.3, -0.261465925027, -0.130107258762, -0.289623249514, 0.0781056380802, -0.00422878720731, 0.0375593140778, 0.124639798418, -0.270285439076, 0.3, 0.294840366134, -0.00529204414922, 0.291855089434, -0.055340852329, -0.0419284728417, -0.0421835750596, 0.00255901569086, -0.297008413069
52266.6,  -0.099656,  0.881638,  0.85707,  -0.581898,  0.78297,  0.105195,  0.193095,  -0.226908,  0.0638022,  1.10614,  0.764817,  0.640277,  -0.055678,  -0.0447118, 0.3, -0.261177898042, -0.127440342574, -0.28555307737, 0.0901970217198, -0.0179982576278, 0.0539849548094, 0.116835794376, -0.270988969899, 0.3, 0.295310853935, -0.0083733357585, 0.292323494224, -0.0528274503766, -0.0419074600946, -0.0427268993534, -0.000871799828767, -0.296940485681
53822.6,  -0.105559,  0.864173,  0.879277,  -0.560168,  0.794999,  0.0802483,  0.218512,  -0.222493,  0.0481969,  1.11843,  0.760666,  0.645177,  -0.0580295,  -0.0420242, 0.3, -0.256678956943, -0.131201757402, -0.277721240303, 0.107862998469, -0.0351637063708, 0.0772586614377, 0.111720573862, -0.267487593374, 0.3, 0.295921834667, -0.0102168164976, 0.292995461465, -0.0491882581164, -0.0416434247459, -0.0427524868655, -0.00328375253801, -0.296919924956
55436,  -0.0958825,  0.860599,  0.885165,  -0.546796,  0.802756,  0.0552857,  0.231388,  -0.221044,  0.0382508,  1.12658,  0.756608,  0.649991,  -0.0612173,  -0.0361751, 0.3, -0.255690799389, -0.129586866036, -0.271041736815, 0.118774571164, -0.0492846644423, 0.093310865636, 0.10254177857, -0.266041850095, 0.3, 0.29640171164, -0.0136824034879, 0.29374426173, -0.0457218782821, -0.0402966319582, -0.0418985862421, -0.00745219318713, -0.296966283082
57022,  -0.0794854,  0.847634,  0.880642,  -0.533064,  0.809453,  0.0314189,  0.244217,  -0.217913,  0.0199672,  1.1205,  0.752474,  0.654869,  -0.0637649,  -0.0293881, 0.3, -0.254290213227, -0.12865821923, -0.263497844231, 0.128913456499, -0.0628506707938, 0.108560287419, 0.09336920365, -0.263622563157, 0.3, 0.296787450363, -0.0172416416234, 0.294538735593, -0.0421697983133, -0.0383228566981, -0.040336064933, -0.0117863233067, -0.29704222671
58634.8,  -0.055782,  0.827112,  0.865339,  -0.520042,  0.814609,  0.00958995,  0.256664,  -0.211091,  5.13665e-05,  1.10415,  0.74731,  0.660761,  -0.0664451,  -0.0225332, 0.3, -0.252701729343, -0.128440804018, -0.255655403607, 0.137678591289, -0.0753984091815, 0.12245619117, 0.0847728817955, -0.260418969655, 0.3, 0.297174304781, -0.0208596160895, 0.295377639965, -0.0377323017635, -0.0364461686948, -0.0387264872425, -0.0162390265037, -0.297046382244
60236.4,  -0.032709,  0.799348,  0.838804,  -0.506628,  0.818886,  -0.00808444,  0.269607,  -0.206436,  -0.0256538,  1.07495,  0.742829,  0.665778,  -0.0687033,  -0.0149706, 0.3, -0.250230242928, -0.130009020965, -0.247614695693, 0.145957550462, -0.0859264565775, 0.134923987805, 0.0779821709565, -0.256348002777, 0.3, 0.297352780863, -0.0246406360662, 0.296118544736, -0.0339091966666, -0.0341170609039, -0.03660115703, -0.02077233965, -0.297033441231
61811.9,  -0.0179321,  0.745649,  0.777627,  -0.522051,  0.79807,  0.0599805,  0.29487,  -0.155608,  -0.0739854,  1.02496,  0.739486,  0.666461,  -0.0905002,  -0.0282943, 0.3, -0.239368326549, -0.159984036722, -0.260592088902, 0.134318881644, -0.0636411913418, 0.122408541215, 0.121083616888, -0.245672356522, 0.3, 0.297239334443, -0.0288399309534, 0.294166568707, -0.0330176776702, -0.0487428232294, -0.0514683729327, -0.0236349533833, -0.294605491405
63400.4,  -0.00225687,  0.727044,  0.751231,  -0.511196,  0.801892,  0.0490587,  0.305354,  -0.153241,  -0.088882,  1.00614,  0.737151,  0.6678,  -0.10153,  -0.0185549, 0.3, -0.236966239038, -0.161963732449, -0.254942564247, 0.141763128439, -0.0700535819958, 0.131869397541, 0.117261319161, -0.242611304396, 0.3, 0.2964916752, -0.0374711474911, 0.294231022804, -0.0322196097984, -0.0488876463345, -0.0523402863638, -0.0324743480578, -0.29360843166
65002.2,  0.0182567,  0.707792,  0.716846,  -0.502174,  0.805121,  0.0382241,  0.313273,  -0.151015,  -0.107371,  0.979971,  0.733456,  0.670547,  -0.110801,  -0.0114793, 0.3, -0.235401845666, -0.162850756418, -0.249771345513, 0.14781605507, -0.0759255479019, 0.139816568294, 0.112855593219, -0.240239343801, 0.3, 0.295853295709, -0.0441421656622, 0.294326993624, -0.0301408650813, -0.0496301226701, -0.0533790613933, -0.0395266450684, -0.292554815606
66587.9,  0.0375533,  0.687826,  0.677025,  -0.493091,  0.808205,  0.0294528,  0.320623,  -0.153335,  -0.125265,  0.94305,  0.729386,  0.674113,  -0.116445,  -0.00286698, 0.3, -0.233445072431, -0.164191109646, -0.244776959384, 0.153596371482, -0.0805753983688, 0.146763627932, 0.109140060589, -0.237800093968, 0.3, 0.295213478325, -0.0498004139868, 0.294812863714, -0.0273380474797, -0.0483529373343, -0.0521196163325, -0.0458435750729, -0.291859404882
68174,  0.0585351,  0.668885,  0.62797,  -0.485496,  0.811166,  0.0228009,  0.325243,  -0.154331,  -0.140301,  0.899003,  0.724285,  0.679188,  -0.118747,  0.00362745, 0.3, -0.231841316783, -0.164937562037, -0.240740320658, 0.158264185953, -0.0836453552469, 0.151653860974, 0.105839743372, -0.23621823633, 0.3, 0.294897221827, -0.0530822821412, 0.295414120853, -0.0232140547333, -0.0468145796008, -0.0501258148942, -0.0499673515579, -0.291531587413
69744.1,  0.0680809,  0.705349,  0.603343,  -0.532861,  0.788657,  0.095027,  0.291631,  -0.145357,  -0.122681,  0.8861,  0.716196,  0.685634,  -0.127759,  -0.0254231, 0.3, -0.235519165687, -0.16837989467, -0.268774565829, 0.124217322938, -0.04827307164, 0.107616444368, 0.138205568904, -0.243552708106, 0.3, 0.296577996225, -0.0444417529888, 0.292680358042, -0.0175556376941, -0.0634823408617, -0.0653588958748, -0.0416328204669, -0.289818776117
71334.7,  0.0769865,  0.689235,  0.576676,  -0.522418,  0.793821,  0.0893025,  0.298249,  -0.144534,  -0.125173,  0.867859,  0.710633,  0.689864,  -0.136169,  -0.0233755, 0.3, -0.232843257094, -0.17004577436, -0.264804522694, 0.131462655805, -0.0509522805129, 0.114061880189, 0.136020541665, -0.241843543914, 0.3, 0.296053882537, -0.0483841609554, 0.292234260423, -0.0141247512885, -0.066329694978, -0.0677352598852, -0.0463960131425, -0.288546953775
72901.8,  0.0882118,  0.67458,  0.548249,  -0.513516,  0.798499,  0.0840149,  0.302725,  -0.144813,  -0.130527,  0.849428,  0.704934,  0.694118,  -0.144128,  -0.0222529, 0.3, -0.230765100137, -0.170921117923, -0.261285184793, 0.137545731531, -0.0530209764653, 0.11914953714, 0.13352393155, -0.240779458224, 0.3, 0.295508841409, -0.0516927630692, 0.291660121528, -0.0106229525508, -0.0694372118474, -0.0702281326433, -0.05061301738, -0.287239154464
74470.8,  0.100578,  0.661023,  0.517357,  -0.505601,  0.802905,  0.0796713,  0.305553,  -0.145398,  -0.132699,  0.828614,  0.698566,  0.699169,  -0.150813,  -0.0205792, 0.3, -0.228963697352, -0.171367330116, -0.258176293347, 0.142811904504, -0.0543117067072, 0.123029013203, 0.131073968532, -0.240173846794, 0.3, 0.294911637159, -0.0545787075797, 0.291187303389, -0.00644346820291, -0.0718918358563, -0.0718447172586, -0.0546407172894, -0.286099158713
76072.8,  0.111564,  0.6499,  0.485487,  -0.49864,  0.807097,  0.0761991,  0.306832,  -0.147511,  -0.133866,  0.806516,  0.691481,  0.704751,  -0.157612,  -0.0184133, 0.3, -0.227442407367, -0.171383532783, -0.255498805401, 0.147331046869, -0.0548992082556, 0.125788411297, 0.128699316081, -0.240028668337, 0.3, 0.294134291858, -0.057605316106, 0.290651705283, -0.00179234732271, -0.0742857570953, -0.0731774576416, -0.0590068287913, -0.284891652825
77640.2,  0.135892,  0.659214,  0.474932,  -0.518253,  0.805805,  0.0883327,  0.272561,  -0.181947,  -0.109924,  0.806885,  0.679571,  0.719476,  -0.141005,  -0.025602, 0.3, -0.236120877592, -0.15924581651, -0.265012135445, 0.134166703006, -0.042045973309, 0.104311394285, 0.127460687938, -0.25074470294, 0.3, 0.295526923051, -0.0464417152075, 0.291194912473, 0.0109806032391, -0.0713088304667, -0.0685457373524, -0.0504307852879, -0.287677280622
79234.7,  0.139209,  0.652612,  0.45457,  -0.509714,  0.810995,  0.0852487,  0.274248,  -0.194519,  -0.105544,  0.79207,  0.674461,  0.72303,  -0.147601,  -0.0233304, 0.3, -0.233997601359, -0.159519638539, -0.262052728273, 0.139754667857, -0.0423910417076, 0.107376720598, 0.125354518747, -0.250512443809, 0.3, 0.294659363116, -0.0496095043101, 0.290527056259, 0.0139898924479, -0.0734732093392, -0.0698517914677, -0.0545906826964, -0.286601787488
80868.1,  0.140564,  0.646377,  0.436303,  -0.501046,  0.816358,  0.0821242,  0.275259,  -0.207684,  -0.102094,  0.776252,  0.669351,  0.726448,  -0.15432,  -0.0207093, 0.3, -0.231856635027, -0.159514832146, -0.258983162058, 0.145325017033, -0.0425248303332, 0.110137199216, 0.122976177443, -0.250492828501, 0.3, 0.293666440335, -0.0529499573452, 0.289831413142, 0.0168930276473, -0.0755802723811, -0.0710030148546, -0.0589461401418, -0.285453891975
82458.1,  0.142256,  0.641215,  0.417194,  -0.492415,  0.822067,  0.0788845,  0.274791,  -0.22072,  -0.0992004,  0.759115,  0.664134,  0.729866,  -0.160904,  -0.0182144, 0.3, -0.229872927812, -0.158844387073, -0.255885040474, 0.150782753829, -0.0422777389342, 0.112231672477, 0.120095787631, -0.250960262763, 0.3, 0.29259569622, -0.0561406357582, 0.289078773175, 0.0198216183929, -0.077721080434, -0.0720935179406, -0.0632049206795, -0.284266886346
84040.4,  0.143283,  0.638332,  0.397021,  -0.48407,  0.828003,  0.0760118,  0.272599,  -0.230329,  -0.0940946,  0.741809,  0.658788,  0.733236,  -0.167561,  -0.0169062, 0.3, -0.228054233834, -0.157504576312, -0.2529191042, 0.15593917163, -0.0414113689923, 0.113350570619, 0.116936911116, -0.251947230505, 0.3, 0.291528180919, -0.0587946138236, 0.288128794361, 0.0227527789973, -0.0803996822644, -0.0736701075416, -0.0670345491347, -0.282982480866
85650.1,  0.147132,  0.637722,  0.376522,  -0.477631,  0.833934,  0.0751004,  0.26605,  -0.246625,  -0.0853197,  0.728464,  0.654132,  0.736417,  -0.171881,  -0.0161007, 0.3, -0.226999370191, -0.154643057927, -0.250975924828, 0.159737129199, -0.0386669718501, 0.11159872127, 0.113821507142, -0.254146394668, 0.3, 0.290688512216, -0.0603455605998, 0.287367630177, 0.0255412185715, -0.0822647632965, -0.0745737416578, -0.0696263959966, -0.282118631139
87260,  0.143512,  0.638601,  0.356132,  -0.468372,  0.840703,  0.0725666,  0.261878,  -0.257236,  -0.0757319,  0.71257,  0.647363,  0.740919,  -0.178189,  -0.0144476, 0.3, -0.22485492049, -0.15248989119, -0.247659238905, 0.165217036431, -0.0369896236485, 0.111704089309, 0.110197983668, -0.255692394934, 0.3, 0.289330807263, -0.062789086645, 0.286241522789, 0.029501861065, -0.0848258853477, -0.0756344899128, -0.0736024738876, -0.28082396581
88846.7,  0.139957,  0.63957,  0.339032,  -0.459005,  0.847659,  0.0699558,  0.256702,  -0.265183,  -0.0679085,  0.69929,  0.639752,  0.745977,  -0.184547,  -0.0133241, 0.3, -0.222672910137, -0.149823328593, -0.244222238936, 0.170652500033, -0.0351172641563, 0.111291296645, 0.106275581973, -0.257526208312, 0.3, 0.28781968346, -0.0648749409107, 0.284868974567, 0.0339957191166, -0.0877152119701, -0.0768023142497, -0.0774862626213, -0.279458912241
90470.9,  0.136141,  0.638671,  0.323607,  -0.449791,  0.854663,  0.0669563,  0.250512,  -0.272761,  -0.0604344,  0.687435,  0.63181,  0.751129,  -0.190939,  -0.0127934, 0.3, -0.220587778159, -0.146531778506, -0.240715802174, 0.175922970383, -0.0332717759543, 0.110392176212, 0.101941849201, -0.259656362935, 0.3, 0.286208136757, -0.0666166039363, 0.283276826023, 0.0386150594619, -0.0909016887707, -0.0781479961631, -0.0812020913343, -0.278027176835
92082,  0.133423,  0.639057,  0.310563,  -0.440421,  0.861819,  0.0634467,  0.243459,  -0.27953,  -0.0547676,  0.678206,  0.623963,  0.756075,  -0.197141,  -0.0125268, 0.3, -0.218469818859, -0.142656451469, -0.23700581534, 0.181202364643, -0.0315269177495, 0.109124554492, 0.0971423764137, -0.262021354686, 0.3, 0.284539216203, -0.0681224442546, 0.281575763298, 0.0430835468668, -0.094121716476, -0.0794878763799, -0.0847422116316, -0.276587120229
93718.4,  0.130908,  0.639452,  0.301595,  -0.42659,  0.866851,  0.0773494,  0.246187,  -0.289008,  -0.0524115,  0.668461,  0.613467,  0.764766,  -0.19646,  -0.013976, 0.3, -0.210448393399, -0.147842260076, -0.233299278564, 0.18722289897, -0.0227822896787, 0.108246509275, 0.103242722829, -0.260045444899, 0.3, 0.283142471745, -0.0658999711565, 0.279847603951, 0.0510371880625, -0.0952917834731, -0.0787260062944, -0.0850032124619, -0.27672489914
95339.3,  0.132454,  0.636681,  0.293803,  -0.41665,  0.873775,  0.0749774,  0.239373,  -0.291263,  -0.0532075,  0.663273,  0.606337,  0.768778,  -0.202907,  -0.0128453, 0.3, -0.207666262, -0.144238339415, -0.229203318306, 0.192468809527, -0.020532808782, 0.106751177078, 0.09914878207, -0.262247412202, 0.3, 0.281246849451, -0.0678928738348, 0.27811916923, 0.054710618884, -0.0982673693972, -0.0797430896714, -0.0889210765535, -0.275198259068
96958,  0.136988,  0.631677,  0.289006,  -0.406828,  0.880392,  0.0727278,  0.232621,  -0.291981,  -0.059043,  0.659803,  0.600277,  0.772082,  -0.208382,  -0.0115552, 0.3, -0.204749865702, -0.140631089016, -0.225051462534, 0.197521085466, -0.0183646401449, 0.105125876521, 0.0951993345112, -0.264358916616, 0.3, 0.279522669117, -0.0696992387922, 0.276633193346, 0.0577465997549, -0.100694620294, -0.0804051166152, -0.0923710326156, -0.273866043086
98583.4,  0.145233,  0.62633,  0.285564,  -0.397321,  0.886558,  0.0706551,  0.226184,  -0.288962,  -0.0642398,  0.658759,  0.593551,  0.775606,  -0.214503,  -0.0109898, 0.3, -0.201760152184, -0.13715873764, -0.220937408098, 0.202286367887, -0.0163366786624, 0.103471445448, 0.0915044608624, -0.266309206786, 0.3, 0.277631501165, -0.0712768456263, 0.27480268643, 0.0610113489591, -0.103735716265, -0.081505353766, -0.0959081063249, -0.272320605993
100217,  0.159573,  0.619563,  0.282251,  -0.388785,  0.891794,  0.0697814,  0.220636,  -0.282285,  -0.0713954,  0.658062,  0.585434,  0.780314,  -0.219806,  -0.00788065, 0.3, -0.198791904207, -0.134335093154, -0.217267450917, 0.206386068269, -0.0141296000155, 0.101779139331, 0.0888063603936, -0.267870187125, 0.3, 0.27513282176, -0.0735195374154, 0.27305416413, 0.0653713394898, -0.105678812563, -0.0808987975376, -0.1001424903, -0.270973921611
101829,  0.16399,  0.629883,  0.298936,  -0.415154,  0.883603,  0.0743225,  0.203394,  -0.294022,  -0.0641428,  0.671692,  0.555989,  0.795108,  -0.242234,  -0.00121688, 0.3, -0.211028729219, -0.126344891649, -0.229168828834, 0.193273999617, -0.0112609485656, 0.0893185540191, 0.0900668447111, -0.271864229702, 0.3, 0.265419831006, -0.0802271898957, 0.265066107104, 0.0793191962857, -0.115967340081, -0.0813882519462, -0.115155453233, -0.264792700118
103413,  0.178451,  0.619185,  0.305074,  -0.405761,  0.888862,  0.0726584,  0.200007,  -0.28445,  -0.0761038,  0.675076,  0.548584,  0.798364,  -0.248313,  0.00325939, 0.3, -0.207680072165, -0.124356379132, -0.225118703948, 0.198047228793, -0.00994305286087, 0.088978034018, 0.0874430259837, -0.272830765621, 0.3, 0.262296364563, -0.0832936767742, 0.263267583787, 0.0824376299746, -0.117873731133, -0.0801710594948, -0.120019391355, -0.262997997936
105025,  0.21281,  0.612573,  0.297715,  -0.394144,  0.893897,  0.0738601,  0.200359,  -0.275699,  -0.0783015,  0.67821,  0.542774,  0.80061,  -0.253746,  0.00569621, 0.3, -0.202515284553, -0.12492704677, -0.22027352069, 0.203517152649, -0.00776818255969, 0.0899932418299, 0.0869961384189, -0.272640584516, 0.3, 0.259863079619, -0.0853723500014, 0.261597549148, 0.0846054965319, -0.120035962263, -0.0798998158561, -0.123746069866, -0.261348291785
106655,  0.245691,  0.606845,  0.291333,  -0.383921,  0.898474,  0.0736099,  0.199824,  -0.265528,  -0.0781555,  0.684092,  0.536475,  0.803046,  -0.259366,  0.00632293, 0.3, -0.198140622859, -0.124678368737, -0.215791471665, 0.208311649205, -0.00634803607813, 0.0907658681143, 0.0857120200351, -0.272791141365, 0.3, 0.257504746054, -0.0865326731847, 0.259472691686, 0.0869540995007, -0.122934563281, -0.0804395427492, -0.127005079977, -0.259613538981
108248,  0.277116,  0.599398,  0.28856,  -0.374305,  0.902639,  0.0728623,  0.199572,  -0.255621,  -0.0797446,  0.689062,  0.530227,  0.80551,  -0.264464,  0.0085209, 0.3, -0.193992746284, -0.124448603926, -0.211442288504, 0.212752049844, -0.00535947008705, 0.0917213130207, 0.0842815500358, -0.272917242147, 0.3, 0.254909592371, -0.0882536995477, 0.257613755644, 0.0893510506321, -0.125106125565, -0.0800173023138, -0.130527734479, -0.257991747663
109864,  0.295696,  0.620567,  0.279666,  -0.386646,  0.893889,  0.082949,  0.211154,  -0.267817,  -0.0577805,  0.692367,  0.53814,  0.790861,  -0.291235,  0.0112006, 0.3, -0.196862309057, -0.132492185261, -0.217880341185, 0.206174527449, -0.00449679399251, 0.0940058764521, 0.0934735016137, -0.269120046984, 0.3, 0.25339939738, -0.0993500858001, 0.25731380915, 0.0753522978432, -0.134579474031, -0.0887203345439, -0.141812469894, -0.249033984872
111431,  0.324385,  0.620866,  0.276202,  -0.375721,  0.898568,  0.0812892,  0.211664,  -0.260517,  -0.0544841,  0.69774,  0.53165,  0.793585,  -0.295593,  0.014027, 0.3, -0.192242863853, -0.132441893817, -0.212890054264, 0.211335504574, -0.00388964034693, 0.0957914335204, 0.0915422623921, -0.269154259599, 0.3, 0.250657695507, -0.100970095009, 0.255633230875, 0.0779840229131, -0.136272313559, -0.0876121662508, -0.145221251384, -0.247456857798
113055,  0.349061,  0.618637,  0.275503,  -0.365064,  0.902946,  0.0795169,  0.212351,  -0.253368,  -0.055601,  0.704987,  0.526245,  0.795766,  -0.29926,  0.0163203, 0.3, -0.187648722398, -0.132462267035, -0.207911332764, 0.216243126691, -0.00343334633855, 0.0976277261543, 0.0895927850954, -0.269150441101, 0.3, 0.24833026315, -0.102282707955, 0.254191077396, 0.0801058412471, -0.137731442926, -0.0866981436667, -0.148037612119, -0.246106272336
114675,  0.369604,  0.612475,  0.276374,  -0.354779,  0.906915,  0.0781768,  0.213367,  -0.246669,  -0.0614846,  0.711518,  0.522129,  0.797234,  -0.302419,  0.0185108, 0.3, -0.183044420297, -0.132744725891, -0.203060838543, 0.220812153009, -0.00287905086358, 0.0994621430695, 0.0879587021373, -0.26901774814, 0.3, 0.246396425291, -0.103595434722, 0.253114042111, 0.081554574305, -0.138860120612, -0.0858865191854, -0.150458143727, -0.244920094742
116261,  0.388525,  0.605582,  0.277834,  -0.344924,  0.910404,  0.0774307,  0.214934,  -0.237014,  -0.0656349,  0.717393,  0.517004,  0.798722,  -0.307151,  0.0202141, 0.3, -0.178426593367, -0.133430668494, -0.198397578527, 0.225019163549, -0.0021856052874, 0.101381425074, 0.0867774556853, -0.268684721997, 0.3, 0.244040135613, -0.104966212028, 0.251490670494, 0.0830191448627, -0.140926449755, -0.0855916824925, -0.153467370461, -0.243149809977
117853,  0.403678,  0.600373,  0.278938,  -0.337307,  0.911564,  0.0824565,  0.220173,  -0.228618,  -0.0668182,  0.721282,  0.513494,  0.798098,  -0.31457,  0.0202191, 0.3, -0.173593305666, -0.137108938828, -0.195378936092, 0.227654959783, 0.000539089625308, 0.103733158682, 0.0896581480618, -0.266834870802, 0.3, 0.242075023489, -0.10660002088, 0.249707413267, 0.0824216897608, -0.144405238189, -0.0872358252573, -0.156864106984, -0.240382118162
119493,  0.41805,  0.592035,  0.283654,  -0.328627,  0.91418,  0.0822802,  0.222505,  -0.218069,  -0.0719635,  0.7285,  0.50815,  0.799785,  -0.318822,  0.0219006, 0.3, -0.169270006195, -0.138269568731, -0.19123932901, 0.231140508823, 0.00125865846197, 0.105822151152, 0.0890041020615, -0.266232872016, 0.3, 0.239657115202, -0.10771514843, 0.248035990494, 0.0840815736254, -0.14631622055, -0.0866962138036, -0.159670774125, -0.238723711437
121108,  0.430816,  0.582676,  0.289321,  -0.320717,  0.916283,  0.0826367,  0.225251,  -0.205714,  -0.0794311,  0.735622,  0.503356,  0.8013,  -0.322533,  0.0228876, 0.3, -0.165151994628, -0.139737886698, -0.187488776661, 0.234187119537, 0.00208606545068, 0.107934317686, 0.088776188888, -0.265459924192, 0.3, 0.237574215254, -0.108413216886, 0.246432619871, 0.0855631916962, -0.148155000221, -0.0864054235155, -0.161979728587, -0.237269193774
122724,  0.440642,  0.572166,  0.295136,  -0.313249,  0.918001,  0.0834378,  0.228445,  -0.194527,  -0.0869413,  0.739233,  0.498764,  0.802862,  -0.325652,  0.0244546, 0.3, -0.161101207446, -0.141509761973, -0.183974350881, 0.236947903165, 0.00302149035543, 0.110145585441, 0.0888937126317, -0.264510600662, 0.3, 0.235484943561, -0.109234279204, 0.245041369203, 0.087111184789, -0.149553899526, -0.0856738803613, -0.164190385956, -0.236011659422
124328,  0.454177,  0.562183,  0.299473,  -0.306757,  0.919083,  0.0850399,  0.232283,  -0.181171,  -0.0955587,  0.744721,  0.493361,  0.804827,  -0.32894,  0.0254399, 0.3, -0.157308998905, -0.143744279183, -0.18101297252, 0.239201051168, 0.00414257164517, 0.112440396272, 0.0896478442793, -0.263287715821, 0.3, 0.233221164452, -0.109656499822, 0.243263002404, 0.0890361008814, -0.151313199693, -0.0850868448298, -0.166374460754, -0.234690791565
125971,  0.461125,  0.56067,  0.304353,  -0.304434,  0.915946,  0.0985041,  0.242197,  -0.170918,  -0.101983,  0.748544,  0.493386,  0.802383,  -0.335149,  0.0206517, 0.3, -0.152992688522, -0.151096485816, -0.181621577561, 0.238570103343, 0.0098948650862, 0.115110874079, 0.0983745040631, -0.258982516049, 0.3, 0.23337798602, -0.1091570856, 0.241683665527, 0.086547149598, -0.155237227216, -0.0892723894199, -0.167464344078, -0.232349163867
127559,  0.476283,  0.550168,  0.306738,  -0.299646,  0.916301,  0.100041,  0.246163,  -0.155428,  -0.112434,  0.754234,  0.488006,  0.804321,  -0.338368,  0.0206289, 0.3, -0.149963771221, -0.153321823393, -0.179515452128, 0.240122424172, 0.0107435495479, 0.117349549017, 0.0992576885233, -0.257637331562, 0.3, 0.231319853943, -0.109030659553, 0.23969604063, 0.0884144674702, -0.157253585169, -0.0891199621694, -0.169334010506, -0.231048967167
129132,  0.488896,  0.539661,  0.309237,  -0.294983,  0.91645,  0.102099,  0.250362,  -0.140673,  -0.120741,  0.755964,  0.482275,  0.80621,  -0.342001,  0.0217076, 0.3, -0.146865142714, -0.155736892867, -0.177539166617, 0.241536547526, 0.0118296460618, 0.119595962561, 0.100452606062, -0.256136837792, 0.3, 0.228834625657, -0.109463688893, 0.237743453921, 0.0902676094808, -0.15915341277, -0.0884626203734, -0.171716256596, -0.22953843255
130746,  0.506855,  0.534152,  0.305068,  -0.289957,  0.916324,  0.105063,  0.255415,  -0.125241,  -0.124106,  0.753632,  0.476398,  0.808291,  -0.345228,  0.0229694, 0.3, -0.143315965104, -0.158704021217, -0.175517571208, 0.242932010583, 0.0133274315394, 0.122147510828, 0.102198690698, -0.25423495672, 0.3, 0.226283266206, -0.109819203063, 0.23579888832, 0.0923174113345, -0.160861368362, -0.0875400376593, -0.173992468226, -0.228173974868
132360,  0.519723,  0.523133,  0.303449,  -0.285991,  0.915846,  0.107849,  0.260391,  -0.11075,  -0.132707,  0.74729,  0.472356,  0.809153,  -0.348616,  0.0248606, 0.3, -0.140304534923, -0.161593199684, -0.174004038227, 0.24394662379, 0.014582161096, 0.124580573865, 0.103945573363, -0.252339054436, 0.3, 0.224124897932, -0.110872140445, 0.234525062144, 0.0932080024366, -0.162204388067, -0.0867329039427, -0.176296053299, -0.226709296159
133977,  0.526719,  0.514708,  0.302237,  -0.283246,  0.911201,  0.129942,  0.269443,  -0.0997007,  -0.137761,  0.74379,  0.470034,  0.80886,  -0.352573,  0.022501, 0.3, -0.133849244007, -0.169393367543, -0.175863598248, 0.241732068802, 0.025250776702, 0.125226706018, 0.116833157928, -0.246309328505, 0.3, 0.223354967364, -0.110352821268, 0.232874856919, 0.0928562897272, -0.164763498606, -0.0885126410336, -0.177454974605, -0.225111626455
135608,  0.53521,  0.500711,  0.297391,  -0.281,  0.910294,  0.132885,  0.273394,  -0.0864528,  -0.145979,  0.737485,  0.465494,  0.810231,  -0.355425,  0.0226792, 0.3, -0.131677740327, -0.171725955941, -0.175273743667, 0.242028280493, 0.0264844524706, 0.126917083258, 0.118673013545, -0.244558315813, 0.3, 0.221458101251, -0.110294133889, 0.231131004771, 0.0941930872738, -0.166451557347, -0.0882436695369, -0.179119992464, -0.223895250254
137229,  0.55005,  0.495476,  0.288412,  -0.27889,  0.909175,  0.136012,  0.277708,  -0.0727768,  -0.149173,  0.730547,  0.46077,  0.81104,  -0.359738,  0.0222337, 0.3, -0.129472941735, -0.174250567632, -0.174798894936, 0.242232651285, 0.0277252408521, 0.128731694974, 0.120665239442, -0.242627390662, 0.3, 0.219422615864, -0.110273268348, 0.229020577841, 0.0949678784089, -0.168910263145, -0.0886343781516, -0.18120380161, -0.222056590292
138850,  0.559831,  0.48668,  0.28384,  -0.277167,  0.907767,  0.1393,  0.282369,  -0.065094,  -0.160658,  0.722683,  0.457569,  0.811298,  -0.363134,  0.0236705, 0.3, -0.127361532696, -0.176960912905, -0.17456237182, 0.242264333106, 0.0289131674021, 0.130629640784, 0.122829283536, -0.240517907971, 0.3, 0.217577457368, -0.111217566611, 0.227892128959, 0.0952586728225, -0.17026732749, -0.0881729813279, -0.183264386331, -0.220544077378
140465,  0.567794,  0.476485,  0.277733,  -0.27645,  0.906253,  0.1421,  0.28651,  -0.0573953,  -0.17242,  0.713687,  0.454482,  0.811531,  -0.366404,  0.0247242, 0.3, -0.125892406387, -0.179360546224, -0.174748116376, 0.242029763086, 0.0297437321717, 0.132220268305, 0.124790607798, -0.238631734802, 0.3, 0.215860391661, -0.111953127958, 0.22673125062, 0.0955164565285, -0.171666963987, -0.0878757733388, -0.185151013619, -0.219082063656
142069,  0.572327,  0.467513,  0.275431,  -0.27271,  0.902813,  0.161198,  0.290813,  -0.0491117,  -0.181195,  0.707084,  0.449702,  0.813058,  -0.368635,  0.0285117, 0.3, -0.119596708783, -0.183906212244, -0.175850930811, 0.23978661941, 0.0397344596653, 0.131153794404, 0.134903685644, -0.233665739494, 0.3, 0.213074064389, -0.113374551085, 0.225686558533, 0.0971257845249, -0.172139940973, -0.0855565488248, -0.187526065029, -0.217977182035
143678,  0.575033,  0.456099,  0.268602,  -0.273303,  0.901141,  0.163631,  0.294068,  -0.0448003,  -0.192059,  0.695603,  0.446344,  0.813788,  -0.370953,  0.030351, 0.3, -0.118899452549, -0.185830410239, -0.176641779806, 0.239118263725, 0.0402509326594, 0.132165437286, 0.136694462713, -0.232049393558, 0.3, 0.211182107334, -0.114163019776, 0.224692644704, 0.0979027830997, -0.172997862637, -0.0845239194427, -0.189254227439, -0.216883711787
145323,  0.575872,  0.445541,  0.259045,  -0.27441,  0.899463,  0.166404,  0.296605,  -0.0403344,  -0.200562,  0.684789,  0.442414,  0.814401,  -0.374263,  0.0307877, 0.3, -0.118479306618, -0.187469008012, -0.177706855, 0.238205276473, 0.0409697442795, 0.132673466631, 0.138639461062, -0.230601064804, 0.3, 0.209267863606, -0.114391656254, 0.223095102566, 0.0985181977496, -0.174707584047, -0.0843034101913, -0.191052678531, -0.215387578695
146937,  0.57678,  0.435511,  0.248002,  -0.276587,  0.897773,  0.168827,  0.298329,  -0.0361137,  -0.207478,  0.673494,  0.437967,  0.815737,  -0.3766,  0.0305041, 0.3, -0.118767872603, -0.188716343696, -0.179207092357, 0.236998212305, 0.0414326611884, 0.132681890211, 0.140449420794, -0.229498314174, 0.3, 0.207466824249, -0.113893016407, 0.221252237033, 0.0998144094227, -0.176308057897, -0.0840330289713, -0.192339804793, -0.214345164476
148552,  0.576269,  0.427828,  0.237335,  -0.278646,  0.896069,  0.171792,  0.299842,  -0.0332803,  -0.211268,  0.662786,  0.433343,  0.816799,  -0.379702,  0.029679, 0.3, -0.118905237003, -0.189928782069, -0.180717725757, 0.235706411122, 0.042232586389, 0.132485852988, 0.142492218627, -0.228349439213, 0.3, 0.20561072245, -0.113269651287, 0.219133716824, 0.100824383106, -0.178367199682, -0.0841795535739, -0.193800605223, -0.212967434541
150126,  0.574369,  0.423497,  0.229151,  -0.280233,  0.893233,  0.180608,  0.301638,  -0.0330346,  -0.213908,  0.654032,  0.424742,  0.820565,  -0.381368,  0.0287341, 0.3, -0.117501022464, -0.192027114195, -0.182874875524, 0.233310160258, 0.0460776412432, 0.131292356093, 0.14751230064, -0.225837194437, 0.3, 0.202542114936, -0.111336735018, 0.215692035937, 0.104491586864, -0.180439612912, -0.0830428956642, -0.195085109508, -0.212239670014
151717,  0.570752,  0.41968,  0.220314,  -0.28253,  0.891476,  0.183811,  0.302757,  -0.0348231,  -0.215784,  0.644786,  0.420033,  0.821358,  -0.384936,  0.027725, 0.3, -0.117731077245, -0.193099450364, -0.1845110945, 0.231834253593, 0.0469950515207, 0.130780963012, 0.14964047685, -0.22473110021, 0.3, 0.200594850888, -0.110674663984, 0.213401657713, 0.105238144201, -0.182714710657, -0.0833481129723, -0.196689193405, -0.210633457128
153307,  0.562933,  0.418089,  0.21196,  -0.284689,  0.889898,  0.187176,  0.303314,  -0.0398089,  -0.216844,  0.637392,  0.415599,  0.822339,  -0.387737,  0.0263926, 0.3, -0.11794258157, -0.19392318233, -0.186070268022, 0.23035042683, 0.0481304084486, 0.129978877325, 0.151750546331, -0.223779496687, 0.3, 0.198917825616, -0.109708008277, 0.211197884406, 0.106162592919, -0.184729416952, -0.0836636244156, -0.197891896037, -0.209378115935
154918,  0.554192,  0.41693,  0.204751,  -0.286743,  0.888443,  0.190458,  0.303602,  -0.0463995,  -0.217445,  0.629866,  0.409491,  0.824337,  -0.389956,  0.0268314, 0.3, -0.118158718208, -0.194607159745, -0.187546768888, 0.228902587893, 0.0492931510034, 0.129072223163, 0.153759951117, -0.222931017672, 0.3, 0.196257315212, -0.109080955676, 0.208812994033, 0.108150858519, -0.186280770142, -0.082539216064, -0.199465430658, -0.208328634095
156494,  0.542858,  0.417217,  0.19907,  -0.288493,  0.887185,  0.193955,  0.303407,  -0.0556262,  -0.216516,  0.625426,  0.404265,  0.825998,  -0.391919,  0.0264052, 0.3, -0.118259639944, -0.195079721418, -0.188876420752, 0.227491932563, 0.0507259135231, 0.1279341152, 0.155762890893, -0.222195373464, 0.3, 0.19414390811, -0.108149798737, 0.206562339863, 0.109781702906, -0.187829650102, -0.0819770441846, -0.20063927993, -0.207421415423
158130,  0.532657,  0.416293,  0.198067,  -0.291139,  0.886521,  0.195659,  0.301722,  -0.06487,  -0.220333,  0.620673,  0.399491,  0.827241,  -0.394102,  0.0276092, 0.3, -0.119439726339, -0.194668110847, -0.190281275365, 0.226173383801, 0.0513676620581, 0.126311352832, 0.156779310599, -0.222408835062, 0.3, 0.191756813872, -0.10816786505, 0.204813831022, 0.1110542166, -0.188992739537, -0.080760493547, -0.202228299971, -0.206352749856
159715,  0.520457,  0.414945,  0.197355,  -0.293382,  0.885384,  0.197957,  0.30139,  -0.0757167,  -0.225803,  0.616602,  0.395651,  0.828319,  -0.395649,  0.0284676, 0.3, -0.120055993274, -0.194953600025, -0.191650653191, 0.2248440719, 0.0521072975972, 0.125261226304, 0.158214101174, -0.221986313484, 0.3, 0.189877121141, -0.108071439413, 0.203392925796, 0.112153408527, -0.189876092998, -0.079775152058, -0.203391965975, -0.205590936792
161309,  0.511682,  0.414507,  0.19706,  -0.295436,  0.884168,  0.200654,  0.301169,  -0.0833963,  -0.229497,  0.615619,  0.394371,  0.828781,  -0.395891,  0.0293926, 0.3, -0.120470542311, -0.195338590492, -0.192987439685, 0.22347334648, 0.0530613940362, 0.124202111995, 0.159832762124, -0.221421145168, 0.3, 0.189126547923, -0.108292770412, 0.203090066326, 0.112645105859, -0.189909202214, -0.0790607374888, -0.203819108517, -0.205443838532
162882,  0.501127,  0.415588,  0.198109,  -0.297255,  0.883066,  0.203576,  0.30065,  -0.0931899,  -0.237321,  0.611484,  0.391651,  0.829207,  -0.397579,  0.0309254, 0.3, -0.120774431207, -0.195604723643, -0.194220602105, 0.222117743395, 0.054240812925, 0.122987921613, 0.161484503391, -0.220899810552, 0.3, 0.187478639896, -0.108813441297, 0.202232984529, 0.11312429645, -0.190537958216, -0.0780411775467, -0.205072311966, -0.204584753762
164488,  0.490001,  0.415523,  0.199022,  -0.298552,  0.882065,  0.207221,  0.299811,  -0.103891,  -0.243172,  0.608875,  0.390077,  0.829247,  -0.398976,  0.0317438, 0.3, -0.120729184678, -0.195791588705, -0.195281811108, 0.220755628083, 0.0559639787733, 0.12155203203, 0.163375079608, -0.220303624283, 0.3, 0.186483068834, -0.109172868644, 0.201681083464, 0.11319488312, -0.191080242329, -0.0775847329233, -0.205939271325, -0.203886305925
166116,  0.475475,  0.419005,  0.19708,  -0.304149,  0.881508,  0.204234,  0.297867,  -0.11499,  -0.241124,  0.60732,  0.383899,  0.830464,  -0.402435,  0.0315731, 0.3, -0.12436521862, -0.194813973322, -0.197366756411, 0.219469054602, 0.0536628133444, 0.120272836783, 0.162378035676, -0.221738175023, 0.3, 0.183664964602, -0.108428864089, 0.198912313968, 0.11440051912, -0.193252199411, -0.0769644667497, -0.207797261779, -0.202229495512
167723,  0.463249,  0.422754,  0.197216,  -0.304719,  0.880853,  0.208517,  0.29625,  -0.124408,  -0.236964,  0.606037,  0.381541,  0.830525,  -0.404524,  0.0318694, 0.3, -0.123983804703, -0.194695255223, -0.198111666522, 0.21820011966, 0.0560399443993, 0.118448274883, 0.164367648739, -0.221253886351, 0.3, 0.182392325198, -0.108486426004, 0.197862639965, 0.114472197156, -0.194284563937, -0.0767244460681, -0.208875933959, -0.201206867647
169345,  0.45083,  0.427788,  0.197666,  -0.304897,  0.880359,  0.212898,  0.294415,  -0.134236,  -0.230073,  0.607043,  0.378533,  0.830746,  -0.406939,  0.0312333, 0.3, -0.123443084341, -0.194461733318, -0.198659529458, 0.217027348305, 0.0585962579289, 0.11656737173, 0.166315768994, -0.220796541712, 0.3, 0.181052652455, -0.107991957851, 0.19630469438, 0.114668239462, -0.195743867906, -0.0768556626776, -0.209931255171, -0.200055180429
170949,  0.439862,  0.436204,  0.199263,  -0.304514,  0.879938,  0.217596,  0.292631,  -0.142557,  -0.221872,  0.609762,  0.375165,  0.831472,  -0.408642,  0.030285, 0.3, -0.122566791771, -0.19425478619, -0.198977149436, 0.215953971619, 0.0614164159199, 0.114741598408, 0.168348637348, -0.220211493564, 0.3, 0.179738094636, -0.107093590831, 0.194588963248, 0.11535775013, -0.197047519311, -0.0768762332736, -0.210681766704, -0.199256713654
172563,  0.429777,  0.444474,  0.202501,  -0.303725,  0.879602,  0.222278,  0.290937,  -0.151262,  -0.213986,  0.615376,  0.371223,  0.832947,  -0.409286,  0.0296394, 0.3, -0.121492885025, -0.194052013705, -0.199095527268, 0.215006203161, 0.0642907740199, 0.113038383554, 0.170328539859, -0.219568923924, 0.3, 0.178246722947, -0.10597457677, 0.192803901873, 0.116807209048, -0.197946283969, -0.0763489396481, -0.211149666524, -0.198963960911