# Augmented data file with coordinate frame info.
8714.88,  -0.161198,  -0.285015,  0.73643,  0.804401,  0.587072,  -0.00708533,  -0.0907456,  0.00760045,  0.603419,  0.677077,  -0.0324337,  0.977013,  0.172915,  0.120392, 0.3, 0.283730710836, 0.0285448677989, 0.282959155399, -0.0882669090548, -0.0462932947806, -0.0353842072836, 0.0413017734997, -0.295029017862, 0.3, -0.00652233715419, -0.0739396802411, -0.0315034319247, 0.281429078032, 0.0990212493096, 0.0672097535561, 0.103706958088, -0.273363706207
9896.87,  -0.160683,  -0.287823,  0.735905,  0.804174,  0.587448,  -0.00755541,  -0.0902884,  0.00100884,  0.611224,  0.680869,  -0.0385157,  0.97665,  0.173665,  0.120463, 0.3, 0.283855528865, 0.0281783239009, 0.283036929853, -0.0880517227975, -0.0462275940516, -0.0354693606421, 0.0409015017487, -0.295074552631, 0.3, -0.0100176954316, -0.0746034444971, -0.0351219550467, 0.2810141966, 0.0989821680047, 0.0665768460224, 0.104549830643, -0.273197467935
11051.9,  -0.160201,  -0.290507,  0.735383,  0.803997,  0.587756,  -0.00798622,  -0.0898244,  -0.00543374,  0.618936,  0.684549,  -0.0446801,  0.976239,  0.174427,  0.120565, 0.3, 0.283962710588, 0.0278243461273, 0.283101882109, -0.0878847817812, -0.0461474753085, -0.0355294186259, 0.0405147396248, -0.295120680884, 0.3, -0.0135532044358, -0.0752962330721, -0.0387889641872, 0.280547338303, 0.0989373904454, 0.065944130312, 0.105401620578, -0.273023570515
12233.9,  -0.1596,  -0.293097,  0.734912,  0.803819,  0.588064,  -0.00850278,  -0.0893508,  -0.0117022,  0.626473,  0.68812,  -0.0508052,  0.975796,  0.175188,  0.120623, 0.3, 0.284074015132, 0.0274255724706, 0.283162339003, -0.0877183244027, -0.0460932243862, -0.0356272068628, 0.0400930104982, -0.295166482922, 0.3, -0.0170662896336, -0.0759623607086, -0.0424243386376, 0.280036792703, 0.0988917095793, 0.0652818043366, 0.106245642219, -0.272855547006
13450.2,  -0.172797,  -0.297734,  0.74332,  0.795633,  0.600252,  -0.0013236,  -0.0816309,  -0.0286589,  0.631064,  0.702754,  -0.0571924,  0.975295,  0.175973,  0.120674, 0.3, 0.286613096571, 0.0287676156083, 0.28648344054, -0.0798202913288, -0.0394456510745, -0.0300313358067, 0.0384922585222, -0.296000785309, 0.3, -0.0207264571871, -0.0766542387917, -0.0462088956743, 0.279457519975, 0.0988343689714, 0.0645770571707, 0.10711633163, -0.272682773906
14706.4,  -0.174264,  -0.300096,  0.743953,  0.79506,  0.601114,  -0.00152974,  -0.0808658,  -0.035325,  0.637164,  0.70728,  -0.0635849,  0.974736,  0.176777,  0.120816, 0.3, 0.286827222421, 0.0284359958782, 0.286678778052, -0.0792736225901, -0.039127624209, -0.0298954778886, 0.0380241665213, -0.296075029616, 0.3, -0.0243726025145, -0.0774024374423, -0.0500015925317, 0.278824110023, 0.0987773071829, 0.0639140189601, 0.107995795829, -0.272492029725
15958.3,  -0.175315,  -0.302081,  0.744581,  0.794459,  0.602012,  -0.00177636,  -0.080088,  -0.0403641,  0.642002,  0.710722,  -0.0699634,  0.974137,  0.177606,  0.120906, 0.3, 0.287049442053, 0.0280815928226, 0.286878724044, -0.0787006541842, -0.0388175826349, -0.029775085705, 0.0375343156103, -0.296149657138, 0.3, -0.0280081854534, -0.0781229625687, -0.0537765446504, 0.278136737197, 0.0987321561948, 0.0632118578936, 0.108882950773, -0.272302706657
17289.2,  -0.17689,  -0.304305,  0.74496,  0.793817,  0.602974,  -0.0019269,  -0.0792082,  -0.0430913,  0.644931,  0.712698,  -0.076692,  0.973451,  0.178493,  0.121044, 0.3, 0.28728197424, 0.027738507386, 0.287098822837, -0.0780892109457, -0.0384231838826, -0.0295740332261, 0.0370289401742, -0.2962334116, 0.3, -0.0318302412013, -0.0789116396456, -0.0577568514808, 0.277355149688, 0.0986826582977, 0.0624848560334, 0.109822387002, -0.272093156988
18723.6,  -0.209201,  -0.315457,  0.765737,  0.786415,  0.613442,  0.00436428,  -0.0722576,  -0.0664929,  0.641558,  0.738426,  -0.0838983,  0.972696,  0.179301,  0.121143, 0.3, 0.289262826993, 0.0286547935252, 0.289641249929, -0.0710806161679, -0.0324883416727, -0.0245362305888, 0.0357010213455, -0.296855874901, 0.3, -0.0359318552306, -0.0797269439611, -0.0619971048096, 0.276487357348, 0.0985449147441, 0.0616753014498, 0.110741333775, -0.271905340486
20033.6,  -0.213706,  -0.31717,  0.767313,  0.78478,  0.615692,  0.00483485,  -0.0708497,  -0.064966,  0.638731,  0.737852,  -0.090778,  0.971861,  0.180306,  0.121391, 0.3, 0.28970432238, 0.0284495509358, 0.290115379857, -0.0695420572833, -0.0315748102036, -0.0238963956449, 0.0351469467099, -0.296974164553, 0.3, -0.039801624337, -0.0806057595726, -0.0660666425806, 0.275549472314, 0.0985275953511, 0.0609643872623, 0.111751147679, -0.271652396415
21285.2,  -0.241101,  -0.327035,  0.787226,  0.778766,  0.623825,  0.00988192,  -0.0653257,  -0.0765665,  0.630423,  0.75647,  -0.0968599,  0.971148,  0.180994,  0.121373, 0.3, 0.291101123119, 0.0290685277505, 0.291875775738, -0.0639447675551, -0.0268253283221, -0.0198336765081, 0.0342228406382, -0.297380938284, 0.3, -0.043258485924, -0.0812412826283, -0.0696198141599, 0.274715611969, 0.0984094203651, 0.0602040204959, 0.112516825123, -0.27150587467
22654.5,  -0.24306,  -0.321614,  0.786665,  0.775588,  0.628001,  0.0111693,  -0.0628825,  -0.0702426,  0.623403,  0.753295,  -0.104085,  0.97015,  0.1822,  0.121564, 0.3, 0.291820330388, 0.0288918009122, 0.292663153784, -0.0609965514705, -0.0250539243571, -0.0184964808733, 0.0334711141277, -0.297552625118, 0.3, -0.0472974916381, -0.0821398138727, -0.0738762617195, 0.273581666647, 0.0984650680651, 0.0593826548131, 0.113648664574, -0.2712151938
24061.9,  -0.239023,  -0.311624,  0.782872,  0.771973,  0.632695,  0.012501,  -0.0599866,  -0.0596926,  0.614246,  0.746342,  -0.11139,  0.969063,  0.183467,  0.121855, 0.3, 0.292604155547, 0.0285621954459, 0.293504026582, -0.057659173048, -0.0230392305348, -0.0169816734175, 0.0325304153104, -0.297747199563, 0.3, -0.0513525537377, -0.0831129689127, -0.0781802097108, 0.272359265939, 0.098530630093, 0.0585892924215, 0.114818750566, -0.270894720015
25397.3,  -0.252534,  -0.325431,  0.797041,  0.76557,  0.640864,  0.0177967,  -0.0536519,  -0.0507856,  0.618868,  0.756256,  -0.118274,  0.968129,  0.184082,  0.121863, 0.3, 0.293803049248, 0.028804933519, 0.294948842127, -0.051848720573, -0.0178014241841, -0.0124553791904, 0.0314877504315, -0.298082849393, 0.3, -0.0552430628981, -0.0838507922189, -0.082162424182, 0.271275026043, 0.0982812102994, 0.0577242358688, 0.115577092224, -0.270757914651
26769.3,  -0.258342,  -0.337427,  0.804335,  0.759231,  0.648693,  0.0231014,  -0.047255,  -0.0340665,  0.625527,  0.7583,  -0.125401,  0.967037,  0.184972,  0.122065, 0.3, 0.294849403562, 0.0289159422794, 0.296159390202, -0.046178875298, -0.0125350337584, -0.00786880511547, 0.0305178750126, -0.298339975885, 0.3, -0.0592132516573, -0.0847421868385, -0.0863075673987, 0.270035983287, 0.0981405703051, 0.0569073915386, 0.116509049255, -0.270531310998
28060.5,  -0.249129,  -0.325065,  0.800628,  0.753513,  0.65555,  0.0259715,  -0.0424038,  -0.0184022,  0.614601,  0.746881,  -0.131484,  0.965947,  0.186096,  0.122581, 0.3, 0.295718421742, 0.0284205974262, 0.297039969769, -0.0410737325158, -0.00895571644286, -0.0049367677181, 0.0293864516327, -0.298516439723, 0.3, -0.062516877962, -0.0857252826791, -0.0898910929511, 0.268848125464, 0.0981849114819, 0.0563628914143, 0.117525849942, -0.270205290597
29497.5,  -0.23794,  -0.310288,  0.793343,  0.747505,  0.662588,  0.0289495,  -0.0370903,  0.000643432,  0.600444,  0.732796,  -0.13821,  0.964709,  0.18731,  0.123086, 0.3, 0.296528355582, 0.0277292806033, 0.297816849903, -0.0357609627458, -0.0051261542602, -0.0017614144087, 0.0281440558477, -0.298671742118, 0.3, -0.0661662717823, -0.0867781151204, -0.0938325399622, 0.267487797282, 0.0982126913868, 0.0557123974502, 0.118626737221, -0.269858900144
30907.5,  -0.225985,  -0.298005,  0.784714,  0.741837,  0.669071,  0.0317071,  -0.0318827,  0.0235174,  0.582436,  0.714472,  -0.146884,  0.963025,  0.188825,  0.123911, 0.3, 0.29719843393, 0.0269119743696, 0.298411523498, -0.0307964900294, -0.00146247927235, 0.00131382600315, 0.0269196409954, -0.298786891931, 0.3, -0.0708332196207, -0.0882387798925, -0.0989101884977, 0.265662156053, 0.0981855053085, 0.0549563635088, 0.120026138151, -0.269394736902
32313.9,  -0.211414,  -0.330284,  0.782488,  0.738572,  0.672653,  0.0360205,  -0.0274387,  0.0713018,  0.619178,  0.695216,  -0.156987,  0.960956,  0.191341,  0.123722, 0.3, 0.297488287165, 0.0270362464821, 0.298674312792, -0.0280713119532, 0.00237830269306, 0.0048882003452, 0.0266968246225, -0.298769786043, 0.3, -0.0763107154254, -0.0893576808615, -0.104718428741, 0.263246217119, 0.0986685352807, 0.053312016467, 0.121975833195, -0.268848888814
33681.3,  -0.18171,  -0.351275,  0.768286,  0.739665,  0.671494,  0.0368395,  -0.0251988,  0.112545,  0.651127,  0.669457,  -0.166568,  0.958776,  0.19359,  0.124603, 0.3, 0.29745119084, 0.0265018223013, 0.298565163566, -0.0290766684361, 0.00365929737194, 0.00619682353642, 0.0260256877066, -0.298804723787, 0.3, -0.0813477595247, -0.0910274216093, -0.110294053149, 0.260866781062, 0.0989128120033, 0.0523323160628, 0.123818676131, -0.268198180711
35177.8,  -0.165873,  -0.341635,  0.759348,  0.735775,  0.675792,  0.0392112,  -0.0200453,  0.135892,  0.639608,  0.650535,  -0.171987,  0.957662,  0.193871,  0.125372, 0.3, 0.297867209964, 0.0254382696147, 0.298810411219, -0.0257417437349, 0.00704987777609, 0.00918250947078, 0.0247484920241, -0.298836399494, 0.3, -0.0842396400515, -0.0920443625142, -0.113406830057, 0.259700709853, 0.0984603077306, 0.052032418001, 0.124335129171, -0.268017542581
36591.9,  -0.151129,  -0.329863,  0.74928,  0.732893,  0.678928,  0.0411993,  -0.0150448,  0.153895,  0.626128,  0.633712,  -0.176965,  0.956588,  0.194139,  0.126227, 0.3, 0.298177312369, 0.0242454303817, 0.298921115308, -0.0232980077796, 0.010167086926, 0.0119882162663, 0.0233985730699, -0.298845761973, 0.3, -0.0868661706521, -0.0930617858975, -0.11627285857, 0.258596079855, 0.0980239248539, 0.0518348334434, 0.124829226867, -0.267826089397
38005,  -0.105343,  -0.349728,  0.724242,  0.740456,  0.670803,  0.037895,  -0.0176696,  0.193638,  0.667223,  0.599715,  -0.187973,  0.953566,  0.198254,  0.126778, 0.3, 0.297618310442, 0.0239474405204, 0.298421817833, -0.0298266718601, 0.00740191101929, 0.00972405567297, 0.0231021846474, -0.298951052525, 0.3, -0.0924663167123, -0.0948946225035, -0.122627433317, 0.25521686918, 0.099130531543, 0.0501749111062, 0.127727561472, -0.266773590027
39374.9,  -0.0889738,  -0.335645,  0.717709,  0.739603,  0.671812,  0.0379313,  -0.0147448,  0.210779,  0.656745,  0.58236,  -0.192833,  0.952471,  0.198166,  0.127843, 0.3, 0.297788882982, 0.0227758986125, 0.298460030198, -0.029070778132, 0.00874644117727, 0.0108890201452, 0.0218327971445, -0.299006284565, 0.3, -0.0950003016894, -0.0959878964668, -0.125401290111, 0.254127364164, 0.0984570933029, 0.0501323251784, 0.128039936981, -0.266631814513
40577,  -0.0494604,  -0.349299,  0.692454,  0.753894,  0.655977,  0.0275991,  -0.0240147,  0.245882,  0.687606,  0.543491,  -0.200639,  0.950088,  0.202007,  0.127552, 0.3, 0.296324484513, 0.0219359231944, 0.29711982512, -0.0414705862135, -9.8052620396e-08, 0.00303222179538, 0.0217253390626, -0.299196950642, 0.3, -0.0989150294582, -0.0970297072312, -0.129834719398, 0.251362276623, 0.0997995567622, 0.0483931067088, 0.130509857246, -0.265754180371
41856.9,  -0.0239372,  -0.352624,  0.683909,  0.761053,  0.647585,  0.0251218,  -0.0283227,  0.268103,  0.701985,  0.523542,  -0.206888,  0.94834,  0.204163,  0.127146, 0.3, 0.295280615565, 0.0224761973643, 0.296134435117, -0.0478992184565, -0.00317194090615, 0.000466598747732, 0.0226941169179, -0.299140032999, 0.3, -0.102144990593, -0.0976899039107, -0.133295200028, 0.249308896759, 0.100386571046, 0.0470032560441, 0.131952547887, -0.26529081972
43117.8,  -0.0149047,  -0.341928,  0.681062,  0.763975,  0.644209,  0.022646,  -0.0287164,  0.278375,  0.693867,  0.512072,  -0.211831,  0.947065,  0.204332,  0.128237, 0.3, 0.294905405327, 0.0214801937678, 0.295685778843, -0.050502206671, -0.00440991055985, -0.000719030920393, 0.0219164100614, -0.299197516642, 0.3, -0.104648800249, -0.0988394985669, -0.136092282907, 0.24802567733, 0.0998105902099, 0.0468989168714, 0.132408051082, -0.265082250641
44510.4,  -0.00521078,  -0.327993,  0.677127,  0.767035,  0.640635,  0.0200123,  -0.0290305,  0.285232,  0.681964,  0.503033,  -0.217543,  0.94554,  0.204674,  0.129373, 0.3, 0.294485348479, 0.0203688705193, 0.295182509557, -0.0532462079778, -0.00566810263507, -0.00194869354586, 0.0210528113842, -0.299254042122, 0.3, -0.107529827006, -0.100111678693, -0.139304984843, 0.246470140345, 0.0992299910114, 0.0466811857678, 0.133003030876, -0.264822696673
45840.1,  0.00113986,  -0.310488,  0.674195,  0.769917,  0.637237,  0.0171589,  -0.0293757,  0.289389,  0.665068,  0.495893,  -0.223281,  0.943943,  0.205155,  0.130496, 0.3, 0.294069167787, 0.0191581166933, 0.294674033099, -0.0558397764554, -0.0070095351248, -0.00330501069088, 0.0201306711819, -0.299305584616, 0.3, -0.110395514888, -0.101392741548, -0.14252178476, 0.244834244177, 0.0987103527863, 0.0464241167376, 0.133675065629, -0.264529352274
47392.2,  0.0087275,  -0.282248,  0.670577,  0.774691,  0.631604,  0.0118067,  -0.0281151,  0.289253,  0.642207,  0.490821,  -0.229894,  0.942076,  0.206015,  0.13115, 0.3, 0.293379705548, 0.0161424985199, 0.293778041563, -0.0601714647419, -0.00859401689841, -0.00516664122198, 0.017542611077, -0.299442085578, 0.3, -0.11373514428, -0.102548831107, -0.146157754382, 0.242823995083, 0.0983586205993, 0.0457149498511, 0.134539304174, -0.264214532137
48710.5,  0.0173949,  -0.308147,  0.664872,  0.781591,  0.622851,  0.00717884,  -0.0334799,  0.289023,  0.68619,  0.480713,  -0.232838,  0.940968,  0.208412,  0.130116, 0.3, 0.291944546186, 0.0158783388111, 0.292232962315, -0.0665615066387, -0.0130177406174, -0.00914524074249, 0.0183833562209, -0.299296536542, 0.3, -0.115185217483, -0.10257673056, -0.147726498921, 0.24141054513, 0.0994878395418, 0.0443452533586, 0.135842976902, -0.263780560563
49963.6,  0.0201822,  -0.293639,  0.664291,  0.786226,  0.616899,  0.00362878,  -0.0356391,  0.279789,  0.676982,  0.485414,  -0.239413,  0.938764,  0.210225,  0.131182, 0.3, 0.290935911253, 0.0149032745141, 0.29109110315, -0.0708990608348, -0.0154690930416, -0.011479621713, 0.0181554045975, -0.299230011144, 0.3, -0.118304777239, -0.104087753409, -0.151398070307, 0.239092100612, 0.0995670213091, 0.0436910177805, 0.137255044014, -0.263158028299
51174.5,  0.0255074,  -0.304687,  0.655963,  0.79318,  0.607583,  -0.00151639,  -0.0413046,  0.27932,  0.694739,  0.47657,  -0.241588,  0.938313,  0.21046,  0.130038, 0.3, 0.289191195405, 0.0143359217705, 0.289116034745, -0.0774820932528, -0.0202099895773, -0.0157792460583, 0.0191043902168, -0.298974978331, 0.3, -0.119590496978, -0.103716642199, -0.152431875604, 0.238405055388, 0.0996371058667, 0.0427030694001, 0.137335875132, -0.263277999965
52536.1,  0.0234596,  -0.296593,  0.652747,  0.798728,  0.600131,  -0.00554372,  -0.0429524,  0.277143,  0.681875,  0.476542,  -0.249326,  0.935646,  0.212748,  0.130923, 0.3, 0.287747937813, 0.0128094946916, 0.287462198311, -0.0827985673896, -0.0225805619985, -0.018123007801, 0.0185882092379, -0.298874614288, 0.3, -0.123256430552, -0.105324772969, -0.156680777121, 0.235544864116, 0.099848640798, 0.0416724075899, 0.139019672406, -0.262558452787
53727.8,  0.0171428,  -0.288604,  0.652464,  0.804296,  0.592546,  -0.0110153,  -0.0433015,  0.273431,  0.663326,  0.477985,  -0.261551,  0.931217,  0.217179,  0.131377, 0.3, 0.286235850274, 0.0100791496548, 0.285663474986, -0.0882083559483, -0.0248125976023, -0.020710632506, 0.0169801047917, -0.298802184969, 0.3, -0.129016961988, -0.107486257229, -0.163255729941, 0.230654659642, 0.100727328103, 0.0393222407215, 0.141961443725, -0.261344045044
54872.7,  0.010045,  -0.279725,  0.653849,  0.808404,  0.586738,  -0.0150896,  -0.0446505,  0.270005,  0.643101,  0.478872,  -0.268067,  0.92875,  0.219439,  0.131947, 0.3, 0.284997099356, 0.00839979232561, 0.28418858943, -0.0922468845313, -0.0269695741941, -0.0230379858115, 0.0163452027542, -0.298667181921, 0.3, -0.132007749794, -0.108822082259, -0.166752932306, 0.227991962719, 0.101060004466, 0.0382328544587, 0.143504769711, -0.260661907286
56114.6,  0.00345458,  -0.267163,  0.654646,  0.811771,  0.581904,  -0.0192442,  -0.0452223,  0.267591,  0.621133,  0.478788,  -0.274838,  0.92615,  0.221879,  0.132212, 0.3, 0.283945887256, 0.00641589344073, 0.282901566683, -0.0956055696788, -0.0287450624416, -0.0251621570394, 0.0153071276384, -0.298550762345, 0.3, -0.13512368134, -0.110057348882, -0.170325759116, 0.225140273786, 0.101493807205, 0.0368804159889, 0.145098062911, -0.259973819944
57526.3,  -0.00410286,  -0.253594,  0.655489,  0.814505,  0.577924,  -0.0233881,  -0.0451526,  0.26644,  0.59643,  0.477359,  -0.282127,  0.923304,  0.224413,  0.132488, 0.3, 0.283066726264, 0.00422702679659, 0.281799486422, -0.0983791173191, -0.0301761284474, -0.0270866890859, 0.0139562802342, -0.298448544169, 0.3, -0.138454149189, -0.111383779447, -0.174132578032, 0.222025911227, 0.101893768269, 0.0354082337809, 0.146747890331, -0.259251448721
58855.3,  -0.0124614,  -0.239608,  0.656983,  0.816499,  0.574988,  -0.0275134,  -0.0442832,  0.26251,  0.573342,  0.477717,  -0.288363,  0.920747,  0.226618,  0.1331, 0.3, 0.282417359797, 0.0017985873577, 0.28095530184, -0.100456640146, -0.0311862440598, -0.028756188888, 0.0122023905723, -0.298369206295, 0.3, -0.141207965319, -0.112739849928, -0.177403407274, 0.219294603948, 0.102166079335, 0.0343219218391, 0.148223436776, -0.258557186076
60194.8,  -0.0259872,  -0.232456,  0.660909,  0.812583,  0.580801,  -0.0321283,  -0.0366887,  0.262984,  0.550856,  0.476713,  -0.298805,  0.916336,  0.230331,  0.134131, 0.3, 0.283876879622, -0.00287884829027, 0.282462383849, -0.096794324492, -0.0290836802395, -0.0284494685663, 0.0066914842932, -0.298573025868, 0.3, -0.145746810771, -0.11503991852, -0.182820258892, 0.214597886232, 0.10258898656, 0.032451019118, 0.150683822538, -0.25737388559
61576.2,  -0.0372177,  -0.221962,  0.663812,  0.813375,  0.579583,  -0.0358936,  -0.0348848,  0.262267,  0.527065,  0.475803,  -0.304902,  0.913697,  0.232587,  0.134519, 0.3, 0.283602095483, -0.00538578844686, 0.282099527182, -0.0977200884341, -0.02950662773, -0.0296481372606, 0.00454265937186, -0.298496821093, 0.3, -0.148380475732, -0.116295565759, -0.185925338862, 0.211762791578, 0.102899409483, 0.0311960344056, 0.1521175681, -0.256684734476
62912,  -0.046182,  -0.210248,  0.667757,  0.813656,  0.579041,  -0.0398794,  -0.032944,  0.261195,  0.506381,  0.475068,  -0.310286,  0.911299,  0.234747,  0.134725, 0.3, 0.283472314562, -0.00802330990627, 0.281895770596, -0.0981757762865, -0.0299381273755, -0.0309144164641, 0.00222796483112, -0.298394596177, 0.3, -0.150682181669, -0.117368050045, -0.188633719715, 0.209169889118, 0.103272829304, 0.0299616226244, 0.153436754442, -0.256045823157
64255.8,  -0.0621913,  -0.270371,  0.6607,  0.816175,  0.574284,  -0.0513363,  -0.0376872,  0.277066,  0.575915,  0.440375,  -0.309741,  0.911784,  0.235317,  0.13167, 0.3, 0.28239072477, -0.0121537554837, 0.280069057886, -0.101266434838, -0.0361445983513, -0.0381255560423, 0.00076664124605, -0.297566554299, 0.3, -0.150859524223, -0.115765080475, -0.188040528099, 0.209211910575, 0.104264741239, 0.0283003480253, 0.153205027414, -0.256373379813
65663.9,  -0.0654422,  -0.262104,  0.660348,  0.818515,  0.570439,  -0.0570395,  -0.0371277,  0.278462,  0.562439,  0.438434,  -0.315337,  0.909203,  0.237552,  0.132219, 0.3, 0.281418534916, -0.0153051677145, 0.278877238931, -0.103932416673, -0.037756302397, -0.0407200879086, -0.0012887863214, -0.297220816011, 0.3, -0.153177823731, -0.117073668617, -0.190868476554, 0.206479005607, 0.104573633873, 0.0271829767415, 0.154605868454, -0.255652324877
67005.8,  -0.0685839,  -0.253081,  0.661268,  0.820379,  0.567183,  -0.0629246,  -0.0363618,  0.279973,  0.548224,  0.437072,  -0.320391,  0.906771,  0.239893,  0.13254, 0.3, 0.280555859901, -0.0185989363929, 0.277810197685, -0.106188747731, -0.0393121344799, -0.0433474915275, -0.00351558396142, -0.296830988355, 0.3, -0.155235580585, -0.118225846005, -0.19339009991, 0.203880529415, 0.105038083486, 0.025994334002, 0.155995654574, -0.254930677546
68331.6,  -0.0724016,  -0.243832,  0.662617,  0.821922,  0.56434,  -0.0686528,  -0.0353845,  0.282112,  0.532922,  0.43601,  -0.325231,  0.904413,  0.242143,  0.132771, 0.3, 0.279763433798, -0.0218749999075, 0.276848341776, -0.108161111285, -0.0406960644448, -0.0458376501016, -0.00579612934749, -0.296420840559, 0.3, -0.157196232333, -0.119299402829, -0.195775735501, 0.201354884143, 0.105489677319, 0.0247964587013, 0.157307200001, -0.254243152246
69598.9,  -0.0764887,  -0.235315,  0.665534,  0.822957,  0.562213,  -0.0740677,  -0.0342324,  0.283383,  0.517236,  0.435531,  -0.32981,  0.902141,  0.244224,  0.133121, 0.3, 0.279127705472, -0.0250251900784, 0.276085085981, -0.109646727994, -0.0418881885376, -0.0481202805413, -0.00808202190297, -0.296005269417, 0.3, -0.159014334405, -0.120384907925, -0.198027962406, 0.198947958875, 0.105851952106, 0.0237278466719, 0.158537538499, -0.253580042943
70887.6,  -0.0796654,  -0.224639,  0.667981,  0.823574,  0.560665,  -0.0794856,  -0.0326138,  0.284559,  0.502164,  0.435673,  -0.334132,  0.899922,  0.246438,  0.133283, 0.3, 0.27860458894, -0.0283060862143, 0.275493799086, -0.110754847232, -0.0428547602927, -0.0502485637663, -0.0106229391385, -0.295571032078, 0.3, -0.160708069889, -0.121372294204, -0.200123271126, 0.196574455254, 0.106344533925, 0.022560892753, 0.159785480611, -0.252902365161
72335.9,  -0.0842361,  -0.214825,  0.671566,  0.823987,  0.559407,  -0.0845773,  -0.0309216,  0.286877,  0.487029,  0.434975,  -0.339191,  0.897297,  0.248935,  0.133564, 0.3, 0.278135551928, -0.0314356944029, 0.274997234131, -0.111664641655, -0.0436752678788, -0.0521930009592, -0.0131004792948, -0.29513432212, 0.3, -0.1626637196, -0.122569801743, -0.20256220817, 0.193788543068, 0.10683890863, 0.021246030094, 0.161203334028, -0.252115234176
73755.1,  -0.0855938,  -0.203189,  0.677545,  0.823094,  0.559882,  -0.0902809,  -0.0299551,  0.289277,  0.47314,  0.434954,  -0.344512,  0.894447,  0.252088,  0.133143, 0.3, 0.278124062116, -0.0345230235135, 0.274878812544, -0.111380815256, -0.0451215293107, -0.0546486184161, -0.0155344798776, -0.294571228127, 0.3, -0.164750486807, -0.123562096365, -0.205027015196, 0.190657804616, 0.107766064133, 0.019345221665, 0.162809332152, -0.251234718467
75113.4,  -0.0874341,  -0.191315,  0.682195,  0.822656,  0.559853,  -0.0946676,  -0.0289764,  0.291052,  0.461176,  0.434955,  -0.348777,  0.892107,  0.254388,  0.13337, 0.3, 0.277985771796, -0.0369938119039, 0.274694019849, -0.111434965995, -0.046102535862, -0.0564608439497, -0.0174974007379, -0.294119047442, 0.3, -0.166331021282, -0.124622858529, -0.2070442493, 0.188184933573, 0.108254836418, 0.0181533561795, 0.164074440835, -0.250499567912
76605.8,  -0.0892371,  -0.179909,  0.687196,  0.822042,  0.56003,  -0.0992165,  -0.0277292,  0.29316,  0.448739,  0.434143,  -0.353776,  0.889383,  0.256861,  0.133654, 0.3, 0.277871771678, -0.0396185886065, 0.274570336933, -0.111358394939, -0.0470152948867, -0.058253619077, -0.0196618000416, -0.293632303202, 0.3, -0.168187024591, -0.125844443124, -0.209383602297, 0.185319043477, 0.108698478434, 0.0167989938706, 0.165438740578, -0.249695448339
78003.9,  -0.0947318,  -0.25431,  0.683458,  0.829695,  0.545713,  -0.112797,  -0.0328711,  0.317462,  0.536432,  0.406757,  -0.357165,  0.887954,  0.256039,  0.135703, 0.3, 0.273889826011, -0.0453893456646, 0.269440512891, -0.12067011324, -0.0532966582803, -0.066915166482, -0.0205690782097, -0.291717797737, 0.3, -0.169440427327, -0.12716766162, -0.211134722438, 0.18412636428, 0.107329450563, 0.0174299040667, 0.165491460699, -0.249617256775
79398.9,  -0.0947479,  -0.248661,  0.685676,  0.830643,  0.543022,  -0.118598,  -0.0330823,  0.320305,  0.529181,  0.406462,  -0.361476,  0.885289,  0.259324,  0.135458, 0.3, 0.272988384104, -0.0483288795961, 0.268280193438, -0.122419709709, -0.0551285088105, -0.0698861664965, -0.0221530318265, -0.290904051043, 0.3, -0.170930046134, -0.128195415074, -0.213083087318, 0.181251617782, 0.108367194993, 0.0157080557825, 0.167125014226, -0.248641280972
80783,  -0.0962743,  -0.243693,  0.687397,  0.832952,  0.538288,  -0.124291,  -0.03145,  0.321529,  0.519131,  0.406859,  -0.365804,  0.882573,  0.262516,  0.135416, 0.3, 0.271366113067, -0.0519595489315, 0.266675372418, -0.125554218809, -0.0558603963911, -0.0722745307294, -0.0244247992414, -0.290137590446, 0.3, -0.172379952964, -0.129326369504, -0.215038601054, 0.178363646893, 0.109292312282, 0.0140910641789, 0.168735180929, -0.247648704069
82191,  -0.0965256,  -0.238019,  0.687641,  0.83367,  0.535957,  -0.129698,  -0.0303838,  0.323862,  0.509144,  0.407896,  -0.370105,  0.879896,  0.265483,  0.135371, 0.3, 0.270451107286, -0.0551045351154, 0.265722247094, -0.127096206855, -0.056905549838, -0.0746458211936, -0.0265094845477, -0.289353155516, 0.3, -0.173828915118, -0.130421234108, -0.216955301847, 0.175524790372, 0.110097433965, 0.0125134742446, 0.170219141797, -0.246716146063
83541.7,  -0.0963196,  -0.230468,  0.688024,  0.834107,  0.534072,  -0.13482,  -0.0292755,  0.326202,  0.498512,  0.408715,  -0.374234,  0.877304,  0.268251,  0.135384, 0.3, 0.269651833771, -0.0580913976582, 0.264915530428, -0.128346176707, -0.0578534412353, -0.0768536510269, -0.0285507875283, -0.288579917623, 0.3, -0.175199911102, -0.13149683364, -0.218780147356, 0.172794293062, 0.11080333663, 0.0110305589382, 0.171601641703, -0.245827588635
84884.9,  -0.101865,  -0.267283,  0.697174,  0.837401,  0.527058,  -0.141566,  -0.0304732,  0.35143,  0.544514,  0.396156,  -0.377543,  0.875054,  0.270637,  0.136004, 0.3, 0.267403687502, -0.0614918123892, 0.262226925278, -0.132768769037, -0.060079061473, -0.0807651827212, -0.029457119316, -0.287418272526, 0.3, -0.176137732642, -0.132712810134, -0.220307003635, 0.170530098753, 0.111284812839, 0.0101002466902, 0.172901661528, -0.24495509886
86346.5,  -0.0986647,  -0.258706,  0.698972,  0.838334,  0.524048,  -0.146904,  -0.0314482,  0.353544,  0.538548,  0.396811,  -0.382006,  0.872164,  0.273743,  0.135888, 0.3, 0.26636827974, -0.0640045524866, 0.260824439962, -0.134630818738, -0.0620093070804, -0.0837809925304, -0.0303723919739, -0.28645813498, 0.3, -0.177584200889, -0.133852933626, -0.222222293966, 0.16748163277, 0.112103321757, 0.00836709687843, 0.174395396382, -0.24395949953
87741.9,  -0.0958125,  -0.247406,  0.702652,  0.839645,  0.519863,  -0.154008,  -0.0319419,  0.355591,  0.529658,  0.398932,  -0.385932,  0.869457,  0.276945,  0.135657, 0.3, 0.264851802398, -0.0676239801847, 0.258948632718, -0.137233308005, -0.0641297496306, -0.0875504742607, -0.0319459221252, -0.285156750782, 0.3, -0.178788990178, -0.134897873978, -0.223872408372, 0.164614820791, 0.113062396693, 0.00663959206024, 0.175887628238, -0.242939206491
89119.7,  -0.100486,  -0.257225,  0.722022,  0.840912,  0.51793,  -0.153717,  -0.0314102,  0.3782,  0.541434,  0.397138,  -0.388267,  0.867141,  0.280756,  0.135983, 0.3, 0.264217102069, -0.0677965114585, 0.258423163974, -0.138457147595, -0.0636167163675, -0.0873184534506, -0.0319208592353, -0.285230689851, 0.3, -0.179102499677, -0.136154823101, -0.22491614756, 0.162254894813, 0.114394386558, 0.00534488639631, 0.177751634926, -0.241610820268
90563.7,  -0.097272,  -0.248605,  0.72426,  0.8418,  0.515322,  -0.157376,  -0.032392,  0.379052,  0.535186,  0.399267,  -0.392254,  0.864304,  0.283802,  0.136282, 0.3, 0.263337351103, -0.0694720526329, 0.25722008579, -0.140036468891, -0.0650201110971, -0.0895028158733, -0.0322990231253, -0.284510138758, 0.3, -0.18020958457, -0.13746679599, -0.226622064841, 0.159356070101, 0.11510031559, 0.00387996107304, 0.179248845327, -0.240530242072
91879.3,  -0.0937377,  -0.239159,  0.724927,  0.842611,  0.512972,  -0.160437,  -0.0335653,  0.378623,  0.526437,  0.401449,  -0.395769,  0.861693,  0.286773,  0.136429, 0.3, 0.26257251905, -0.0707807368507, 0.256110381296, -0.141439895249, -0.066349292568, -0.0914424029753, -0.0324103111908, -0.283880007515, 0.3, -0.181144414919, -0.138633528585, -0.228093420237, 0.156676823026, 0.115869602446, 0.00243843160554, 0.180662874078, -0.23948899762
93273.5,  -0.0921876,  -0.232496,  0.722281,  0.843469,  0.510528,  -0.16392,  -0.032428,  0.377653,  0.515927,  0.403609,  -0.399261,  0.858961,  0.290142,  0.136364, 0.3, 0.2615580485, -0.0730236120884, 0.255179332045, -0.142985772711, -0.0666226485458, -0.0928900918006, -0.0338002376764, -0.2832471973, 0.3, -0.182030664786, -0.139784124624, -0.229508532082, 0.153845090843, 0.116865400034, 0.000773382975217, 0.18219913584, -0.238333541026
94693.7,  -0.0903363,  -0.223742,  0.721263,  0.844083,  0.508329,  -0.167685,  -0.03174,  0.375452,  0.504422,  0.405229,  -0.402951,  0.856172,  0.293328,  0.13623, 0.3, 0.260636469228, -0.075243404449, 0.254249684033, -0.144356546548, -0.0672181942469, -0.0946046361105, -0.0350687664069, -0.282524590875, 0.3, -0.183021186805, -0.14089988329, -0.230973278267, 0.150953495246, 0.117747131599, -0.000936299685902, 0.183619953855, -0.237240038546
96148.9,  -0.0905653,  -0.217641,  0.718343,  0.844531,  0.506479,  -0.171211,  -0.0305584,  0.373164,  0.492454,  0.406368,  -0.406746,  0.853297,  0.296422,  0.136295, 0.3, 0.259781331945, -0.0774694382647, 0.253503014707, -0.145527218236, -0.0675133341425, -0.0960420523887, -0.0365443336929, -0.281851797667, 0.3, -0.184004508, -0.142121088494, -0.232485492016, 0.148015075625, 0.11849908603, -0.00256100787373, 0.185023994183, -0.236134628581
97537.7,  -0.100509,  -0.24201,  0.743942,  0.846559,  0.504145,  -0.168126,  -0.0301392,  0.404824,  0.514869,  0.406815,  -0.410381,  0.850442,  0.298151,  0.139437, 0.3, 0.259113649633, -0.0762805037363, 0.253033024057, -0.146957522367, -0.066164759173, -0.0945139535344, -0.0355471967105, -0.282495149327, 0.3, -0.184459016498, -0.144563028222, -0.234346910963, 0.145616181821, 0.117802601473, -0.00226345268802, 0.186469297271, -0.234998038199
98961.7,  -0.0963575,  -0.233438,  0.742634,  0.847249,  0.502256,  -0.170373,  -0.0296737,  0.404364,  0.507693,  0.407741,  -0.413486,  0.847948,  0.301009,  0.139308, 0.3, 0.258355037972, -0.0776667791002, 0.252288317858, -0.14811494492, -0.0664271613415, -0.0955513416644, -0.0362579294202, -0.282055497483, 0.3, -0.185209069382, -0.145553423748, -0.235528642637, 0.14305368617, 0.118582888186, -0.00380224187944, 0.187705203689, -0.23399209274
100330,  -0.0937809,  -0.22268,  0.739637,  0.847925,  0.500402,  -0.17261,  -0.0287599,  0.402902,  0.499821,  0.40829,  -0.416359,  0.84559,  0.303757,  0.139117, 0.3, 0.257560487166, -0.0791812690227, 0.251603393413, -0.149262470835, -0.0664563557768, -0.0964510774245, -0.0371928790339, -0.281627199348, 0.3, -0.185886910177, -0.146464871806, -0.236596269899, 0.140625980548, 0.119358865046, -0.00530161470671, 0.188866064235, -0.233026828202
101705,  -0.0919082,  -0.213424,  0.735112,  0.848387,  0.498766,  -0.175415,  -0.0264924,  0.400127,  0.490569,  0.408596,  -0.419401,  0.843104,  0.306559,  0.138923, 0.3, 0.256676177408, -0.0813637544144, 0.251099581832, -0.150318421999, -0.0659800879906, -0.0972199598066, -0.0390091266097, -0.281116643862, 0.3, -0.186606418337, -0.147418675687, -0.237712155256, 0.138074559455, 0.120118055575, -0.00686677142526, 0.190035419505, -0.232033158802
103143,  -0.0927714,  -0.232915,  0.750501,  0.851099,  0.495096,  -0.172891,  -0.0248642,  0.423155,  0.507992,  0.411597,  -0.422751,  0.840266,  0.309214,  0.140076, 0.3, 0.255404938263, -0.0809023889075, 0.250246377852, -0.15255689825, -0.0640557816925, -0.0956746016044, -0.0386614835076, -0.281694267426, 0.3, -0.187145909694, -0.149052985354, -0.239122065008, 0.135400967029, 0.12036285205, -0.00781165694931, 0.19142357904, -0.230859245869
104701,  -0.0922406,  -0.232686,  0.748006,  0.852328,  0.492567,  -0.174316,  -0.0229976,  0.421583,  0.49936,  0.412842,  -0.426429,  0.837259,  0.312311,  0.140065, 0.3, 0.254302439762, -0.0823479106306, 0.249491821282, -0.154109349592, -0.0632782702162, -0.0959413381583, -0.0397564774493, -0.281451029725, 0.3, -0.187972477024, -0.150269385856, -0.240465049058, 0.132372204017, 0.121054367063, -0.00954466476393, 0.192727651065, -0.22970622954
106124,  -0.087536,  -0.223096,  0.743156,  0.852956,  0.49074,  -0.17651,  -0.0219933,  0.441518,  0.498346,  0.392717,  -0.430239,  0.833431,  0.316781,  0.141196, 0.3, 0.253477209057, -0.0838574324386, 0.248818760335, -0.155214208248, -0.0632279531804, -0.0968090336274, -0.0407167538822, -0.281016293053, 0.3, -0.188307910006, -0.152381298861, -0.241981797454, 0.128726407726, 0.1219603282, -0.0111686576671, 0.194858007234, -0.227828045031
107581,  -0.0865117,  -0.216954,  0.737261,  0.853541,  0.488976,  -0.178768,  -0.0202963,  0.45903,  0.496811,  0.373553,  -0.434453,  0.829274,  0.321343,  0.142456, 0.3, 0.252593710331, -0.0855968736013, 0.248239714296, -0.156294276567, -0.0628422100061, -0.0975061614226, -0.0420537348329, -0.280578031697, 0.3, -0.188702038729, -0.154646121487, -0.243634735153, 0.124793527324, 0.122754598142, -0.0128840264849, 0.197023135996, -0.225866964702
109003,  -0.0852743,  -0.209653,  0.73161,  0.853826,  0.487573,  -0.181388,  -0.0187679,  0.473619,  0.495141,  0.355513,  -0.438709,  0.825147,  0.325568,  0.143783, 0.3, 0.251824038182, -0.0874338319593, 0.247738912414, -0.157152216962, -0.0626786405399, -0.098414696328, -0.0434492174577, -0.280047697811, 0.3, -0.1891127299, -0.156882840408, -0.245286033187, 0.120924155039, 0.123337385457, -0.0145124824872, 0.199031967578, -0.223999249405
110558,  -0.0780302,  -0.229488,  0.735355,  0.858472,  0.479948,  -0.179501,  -0.0213441,  0.515035,  0.534457,  0.336318,  -0.450715,  0.816057,  0.333764,  0.13967, 0.3, 0.24951181499, -0.0863114768929, 0.244914272247, -0.161516668545, -0.0626846474988, -0.0986043412479, -0.0406966824514, -0.280394300806, 0.3, -0.192715550556, -0.158646807515, -0.248655779278, 0.111274389187, 0.125651556866, -0.0218722745225, 0.201193257553, -0.221456263678
111958,  -0.0772999,  -0.22675,  0.729885,  0.859552,  0.477423,  -0.181246,  -0.0196735,  0.533687,  0.537107,  0.316072,  -0.454717,  0.811908,  0.337428,  0.142059, 0.3, 0.248361501633, -0.0878387103375, 0.244082607765, -0.163008073828, -0.0620648729425, -0.0991098134078, -0.041772387691, -0.280057694972, 0.3, -0.192752102523, -0.16126376072, -0.250273691114, 0.10762498557, 0.125618239191, -0.0228572326631, 0.203134166141, -0.219576996658
113446,  -0.0769932,  -0.223339,  0.72563,  0.86045,  0.475003,  -0.183466,  -0.0184047,  0.549405,  0.537721,  0.297131,  -0.459239,  0.807375,  0.341194,  0.144331, 0.3, 0.247255642695, -0.0894725692079, 0.243203680931, -0.164420125947, -0.0617899001891, -0.0999633086042, -0.0427863218673, -0.279600907713, 0.3, -0.192920000659, -0.163931359667, -0.252013867807, 0.10361164506, 0.125513495055, -0.0240962189893, 0.205052433181, -0.217653099856
114850,  -0.0790155,  -0.222262,  0.722336,  0.861188,  0.472949,  -0.185367,  -0.0176868,  0.560003,  0.536349,  0.281766,  -0.463697,  0.802844,  0.344932,  0.146454, 0.3, 0.246346109951, -0.0907625947286, 0.242411848234, -0.165603754937, -0.0617405230501, -0.100800547249, -0.0434625179061, -0.279195736378, 0.3, -0.193055760677, -0.166514146826, -0.253675750579, 0.0996042556181, 0.125409751737, -0.025418524578, 0.206902067491, -0.215743906232
116321,  -0.0796035,  -0.219684,  0.717079,  0.859796,  0.474548,  -0.188242,  -0.010969,  0.567305,  0.533717,  0.268686,  -0.460299,  0.804284,  0.344148,  0.151045, 0.3, 0.246047496688, -0.0939866094447, 0.243569705722, -0.16481037139, -0.0592565602867, -0.100232987764, -0.0479392412942, -0.278666785441, 0.3, -0.190937503019, -0.167936373764, -0.253315682156, 0.101812262162, 0.124360075778, -0.0221567341071, 0.20779108069, -0.215248567752
117672,  -0.0820638,  -0.215464,  0.713507,  0.860026,  0.473191,  -0.19063,  -0.0103021,  0.571119,  0.529661,  0.2587,  -0.464926,  0.799699,  0.347837,  0.152756, 0.3, 0.245352179778, -0.0954431015964, 0.24299551347, -0.165590536731, -0.059438662321, -0.101292932614, -0.0488065776647, -0.278132450065, 0.3, -0.191200067986, -0.170326430887, -0.254961116818, 0.097711870809, 0.124286842482, -0.023735795074, 0.209511155562, -0.213404985245
119057,  -0.0628513,  -0.233276,  0.712057,  0.866146,  0.462507,  -0.188647,  -0.0170899,  0.573432,  0.552459,  0.266946,  -0.472916,  0.791863,  0.35577,  0.150772, 0.3, 0.242293195005, -0.0932948594946, 0.238424450281, -0.171477302707, -0.0612316598214, -0.102779884521, -0.0434688659909, -0.278472176397, 0.3, -0.192506516113, -0.172583876179, -0.256874634323, 0.0898671175338, 0.126251033372, -0.0293151036833, 0.211813933537, -0.210417400078
120468,  -0.0665855,  -0.23214,  0.710069,  0.867176,  0.459917,  -0.190262,  -0.0168092,  0.57553,  0.548612,  0.2616,  -0.478784,  0.786523,  0.359471,  0.15142, 0.3, 0.241216272262, -0.0943558782181, 0.237378490002, -0.172916287391, -0.0612487554115, -0.103632882053, -0.0437569143231, -0.27811069416, 0.3, -0.193286124403, -0.17472257177, -0.258603445311, 0.0849278812508, 0.126140846119, -0.0318081914939, 0.21313781715, -0.208711547008
121956,  -0.069272,  -0.228476,  0.710721,  0.867821,  0.458016,  -0.191782,  -0.0181056,  0.57538,  0.543946,  0.256276,  -0.48503,  0.780832,  0.36332,  0.151812, 0.3, 0.240568916519, -0.0948838667358, 0.23640212309, -0.173936130266, -0.0621309808941, -0.104835051202, -0.0432760787625, -0.277735113096, 0.3, -0.194142167667, -0.176856280117, -0.260329703238, 0.0796469105307, 0.126034976315, -0.0346088239478, 0.21439493552, -0.206971111338
123398,  -0.073363,  -0.228114,  0.708115,  0.866992,  0.45903,  -0.193594,  -0.011744,  0.572284,  0.539586,  0.253788,  -0.486186,  0.779533,  0.364015,  0.153115, 0.3, 0.240149288823, -0.0974721383979, 0.23742100792, -0.173492151298, -0.0594284312106, -0.103941154911, -0.0472100891306, -0.277430070108, 0.3, -0.193957192895, -0.177802377813, -0.260840604498, 0.078669674029, 0.125591645554, -0.0345724930619, 0.214922520255, -0.206429293006
124817,  -0.0800607,  -0.226269,  0.706772,  0.867286,  0.457671,  -0.195475,  -0.0119606,  0.568941,  0.532601,  0.251407,  -0.49169,  0.774256,  0.367778,  0.153324, 0.3, 0.239561482489, -0.0984351004966, 0.236755888143, -0.174236681064, -0.0599018230229, -0.105003915793, -0.0474539258584, -0.276987910546, 0.3, -0.194582781673, -0.179726818283, -0.262249793184, 0.073788243429, 0.125619827682, -0.0372724309514, 0.216085252176, -0.204738686337
126339,  -0.0842263,  -0.221096,  0.705332,  0.867411,  0.45642,  -0.197803,  -0.0123746,  0.564623,  0.524632,  0.249465,  -0.497314,  0.768779,  0.371634,  0.153448, 0.3, 0.239010825144, -0.0995570682711, 0.236073546176, -0.17491661885, -0.060609052509, -0.10633468472, -0.0477284183095, -0.27643251059, 0.3, -0.195178744859, -0.181671746694, -0.26361050457, 0.0687402852209, 0.125635484909, -0.0401106952329, 0.217209646984, -0.203005175759
127736,  -0.0696529,  -0.22934,  0.71067,  0.87158,  0.448769,  -0.196792,  -0.0150885,  0.564066,  0.538699,  0.262419,  -0.498585,  0.7658,  0.375102,  0.155764, 0.3, 0.236464413094, -0.0988492256722, 0.232901258019, -0.179027241051, -0.0608789863175, -0.106974726405, -0.0450979855608, -0.276627149082, 0.3, -0.194033291217, -0.183782475204, -0.264146116323, 0.0664270270365, 0.12575483812, -0.0406416722592, 0.218948697138, -0.201021696584
129170,  -0.0720401,  -0.224033,  0.710626,  0.872183,  0.446841,  -0.198443,  -0.0158574,  0.560856,  0.534041,  0.262126,  -0.504165,  0.760466,  0.378607,  0.155453, 0.3, 0.235724078183, -0.0995956106055, 0.231947934477, -0.180049135633, -0.0615017434699, -0.108098484628, -0.0449050968471, -0.276221378424, 0.3, -0.194726890984, -0.185458312345, -0.265353619284, 0.0614845829315, 0.125726301125, -0.0435982158241, 0.219775075906, -0.199494640498
130573,  -0.0722208,  -0.215749,  0.708888,  0.872524,  0.445224,  -0.200428,  -0.017499,  0.569753,  0.535544,  0.250402,  -0.509637,  0.754798,  0.383008,  0.154449, 0.3, 0.235185516293, -0.100252345369, 0.230976769391, -0.180881641444, -0.0627021832971, -0.109601513801, -0.0443802288715, -0.275713444463, 0.3, -0.195310766315, -0.187063797507, -0.266297043908, 0.0561448816446, 0.12622850974, -0.04717037399, 0.220684065638, -0.197670177293
132000,  -0.0764434,  -0.214166,  0.706138,  0.872822,  0.443733,  -0.202411,  -0.0176979,  0.571693,  0.533512,  0.245173,  -0.514766,  0.749636,  0.386361,  0.154232, 0.3, 0.234529152626, -0.101289313358, 0.230230455846, -0.181672762052, -0.0631580931435, -0.110713077968, -0.0446215653785, -0.275229958889, 0.3, -0.195778639483, -0.18870192541, -0.267285679475, 0.0514448098815, 0.126141971935, -0.0499605632342, 0.221413992011, -0.196162652569
133359,  -0.0817372,  -0.213171,  0.703458,  0.873046,  0.442377,  -0.20441,  -0.017631,  0.570936,  0.528615,  0.241971,  -0.5196,  0.744566,  0.38975,  0.154051, 0.3, 0.233891413272, -0.102395765069, 0.229566674468, -0.182395163583, -0.0634913086564, -0.111755214107, -0.0450201188229, -0.27474344582, 0.3, -0.196101175419, -0.19032924462, -0.268150866921, 0.0468663301766, 0.126089887245, -0.052687806255, 0.222143818494, -0.194617879387
134709,  -0.0853496,  -0.209259,  0.702989,  0.872982,  0.441511,  -0.206487,  -0.0182961,  0.56768,  0.523367,  0.240367,  -0.52392,  0.739825,  0.393027,  0.153941, 0.3, 0.233525165764, -0.103308782656, 0.22899168288, -0.182840110123, -0.064282993878, -0.113002286663, -0.0451164170216, -0.274217052942, 0.3, -0.196263441184, -0.191882223609, -0.268866913629, 0.0426228885618, 0.126070901189, -0.0552151142219, 0.222854102554, -0.193099301232
136120,  -0.0880943,  -0.20445,  0.701248,  0.872754,  0.440857,  -0.208759,  -0.0190898,  0.563082,  0.517133,  0.240055,  -0.528253,  0.735096,  0.396162,  0.153747, 0.3, 0.233247118019, -0.104267713747, 0.228464913025, -0.183168315193, -0.0652161929726, -0.114366768384, -0.0452233373976, -0.273633134039, 0.3, -0.19644480207, -0.193375574407, -0.269535277204, 0.0384026185633, 0.12599989377, -0.057752985897, 0.223460686984, -0.191650499589
137524,  -0.0910839,  -0.198908,  0.69753,  0.872604,  0.439955,  -0.21123,  -0.0195882,  0.565976,  0.516477,  0.233959,  -0.532185,  0.730021,  0.400677,  0.152664, 0.3, 0.232826475852, -0.105421334754, 0.227861337037, -0.183633534805, -0.0660146648752, -0.115762847074, -0.0455033739104, -0.272998912452, 0.3, -0.19640238504, -0.194809350564, -0.269805137356, 0.0337422111502, 0.126754293983, -0.0610718247052, 0.224248893726, -0.189690974719
138882,  -0.0969461,  -0.199519,  0.695625,  0.87235,  0.439357,  -0.213494,  -0.0197719,  0.565286,  0.514149,  0.231723,  -0.535684,  0.725626,  0.40402,  0.152572, 0.3, 0.232496623537, -0.106532771619, 0.227431203656, -0.183944665691, -0.0666288793819, -0.116957081823, -0.0459312530633, -0.272417622417, 0.3, -0.19623829925, -0.196282195819, -0.270208806269, 0.0298865152742, 0.12686211893, -0.0634300520493, 0.224938494065, -0.188093865888
140279,  -0.100521,  -0.199073,  0.693202,  0.872055,  0.438728,  -0.215982,  -0.0197282,  0.56225,  0.51038,  0.230541,  -0.539781,  0.720939,  0.406848,  0.152831, 0.3, 0.232113620452, -0.107815763917, 0.227000495132, -0.184277078629, -0.0671768821947, -0.118202144473, -0.0465319835444, -0.271777533195, 0.3, -0.1961822736, -0.197874551545, -0.270797118859, 0.0258664811925, 0.126490495961, -0.0656562490684, 0.225484901215, -0.186670341197
141750,  -0.102653,  -0.197163,  0.691391,  0.871708,  0.438016,  -0.218839,  -0.0194275,  0.55794,  0.504674,  0.231156,  -0.543875,  0.716143,  0.409806,  0.152965, 0.3, 0.231643944788, -0.109352404403, 0.226542155207, -0.18465882462, -0.0676740009483, -0.119563863352, -0.0473518883824, -0.271039261449, 0.3, -0.196083767653, -0.199456819193, -0.271306932817, 0.0217554329982, 0.126171507642, -0.0680030504092, 0.226004108808, -0.185196457679
143079,  -0.104249,  -0.196373,  0.689904,  0.871329,  0.437428,  -0.221543,  -0.0189862,  0.552665,  0.499365,  0.232984,  -0.547406,  0.712048,  0.412237,  0.152954, 0.3, 0.231210148454, -0.110839129328, 0.226162633061, -0.184977676076, -0.0680714533429, -0.120805251314, -0.0482195666223, -0.270334912007, 0.3, -0.196035638764, -0.200742967558, -0.271699600006, 0.0182443830742, 0.125882762294, -0.0700502537206, 0.226356291763, -0.183999432426
144549,  -0.106372,  -0.195133,  0.688385,  0.872509,  0.433406,  -0.224472,  -0.0223638,  0.546623,  0.493674,  0.235852,  -0.55231,  0.70679,  0.414135,  0.154573, 0.3, 0.229902286715, -0.111696681413, 0.223878233637, -0.186995520141, -0.0700800396034, -0.123327801322, -0.0466649119839, -0.269467325311, 0.3, -0.195812043201, -0.202789124009, -0.272629023345, 0.0140672479845, 0.124400675899, -0.0716882187578, 0.226847429502, -0.182759522378
145904,  -0.104751,  -0.189698,  0.688926,  0.871913,  0.433253,  -0.227007,  -0.0229912,  0.540291,  0.488751,  0.239743,  -0.555225,  0.703081,  0.41651,  0.154664, 0.3, 0.229786572628, -0.112781471792, 0.223523584231, -0.187058082842, -0.0710385876569, -0.124734664918, -0.0469830254834, -0.268763573953, 0.3, -0.195569578686, -0.203999008579, -0.272872561673, 0.0109465478902, 0.124180264839, -0.0735093238624, 0.227228327859, -0.181558988551
147288,  -0.102512,  -0.182974,  0.690196,  0.871196,  0.433399,  -0.229308,  -0.0245033,  0.534248,  0.484801,  0.243667,  -0.557946,  0.6996,  0.418732,  0.154662, 0.3, 0.229916627866, -0.113491534158, 0.223174062814, -0.186938907, -0.0724374401577, -0.126235184405, -0.0468208210125, -0.268090449173, 0.3, -0.195346114968, -0.20509867993, -0.273060373238, 0.00801607447174, 0.123991028373, -0.0752569313042, 0.227542606817, -0.180445992956
148668,  -0.100251,  -0.176457,  0.691618,  0.870477,  0.433597,  -0.231437,  -0.0264562,  0.529153,  0.48116,  0.247905,  -0.560292,  0.696383,  0.420949,  0.154683, 0.3, 0.230135591926, -0.113993601613, 0.222788056579, -0.186776179251, -0.0740279724841, -0.127759202117, -0.0463925445877, -0.26744217708, 0.3, -0.195038248438, -0.206143513429, -0.273174531936, 0.00532527127614, 0.123884287088, -0.0768813474392, 0.227885328909, -0.179325222108
150044,  -0.0981196,  -0.170199,  0.692217,  0.869742,  0.433813,  -0.233542,  -0.0285199,  0.523631,  0.478803,  0.252034,  -0.562212,  0.693453,  0.423261,  0.154567, 0.3, 0.230379561717, -0.114449376396, 0.222386849261, -0.186595750955, -0.0756710975298, -0.129296138728, -0.0459051551434, -0.266786853576, 0.3, -0.194667204691, -0.207088370743, -0.273173806395, 0.00286074343833, 0.123967284582, -0.0784664602168, 0.228246567476, -0.178175528781
151437,  -0.0965328,  -0.164239,  0.692093,  0.869286,  0.433258,  -0.235983,  -0.0306918,  0.518033,  0.475523,  0.25621,  -0.56371,  0.691463,  0.424693,  0.154101, 0.3, 0.230320574237, -0.115103480257, 0.221629287868, -0.186807380044, -0.0773528378298, -0.131060432029, -0.0453369148053, -0.266022042907, 0.3, -0.194603140712, -0.207575027192, -0.273137777265, 0.00112052560186, 0.124074570534, -0.079709026587, 0.22831636395, -0.177533402584
152941,  -0.0945423,  -0.160325,  0.693624,  0.868507,  0.433331,  -0.238503,  -0.0321889,  0.512583,  0.473319,  0.259967,  -0.566157,  0.688126,  0.426863,  0.154069, 0.3, 0.230416900325, -0.11591584945, 0.221204320997, -0.186712868197, -0.0787842193716, -0.132653987808, -0.0452366764287, -0.265248115213, 0.3, -0.194292516516, -0.208614128899, -0.27321211018, -0.00164733554562, 0.123904919744, -0.0813915204521, 0.228577567385, -0.176430485141
154299,  -0.0934673,  -0.157094,  0.694984,  0.867637,  0.433833,  -0.240549,  -0.0336232,  0.508179,  0.471605,  0.263453,  -0.567962,  0.685379,  0.428908,  0.153991, 0.3, 0.230698697664, -0.116473487998, 0.220993059049, -0.186394974303, -0.0801185459602, -0.13397772338, -0.0451112452838, -0.264603373348, 0.3, -0.193932655016, -0.209487279509, -0.273190180976, -0.00392558926305, 0.123902036978, -0.0828367066938, 0.228855227311, -0.175394882926
155693,  -0.0921739,  -0.155019,  0.69669,  0.866684,  0.434406,  -0.242632,  -0.0357727,  0.50426,  0.469572,  0.266569,  -0.569961,  0.682518,  0.430838,  0.153926, 0.3, 0.231103467697, -0.116847272862, 0.2206879425, -0.18600701071, -0.0818426783656, -0.135495129036, -0.0446383152132, -0.263910005158, 0.3, -0.193614697687, -0.210370672348, -0.273195225469, -0.00628586097038, 0.123793605378, -0.0843020742653, 0.229071684831, -0.174411362827
157182,  -0.0912412,  -0.153035,  0.698573,  0.865722,  0.434864,  -0.244973,  -0.0375129,  0.497021,  0.466392,  0.271065,  -0.572875,  0.679155,  0.432117,  0.154397, 0.3, 0.231396525621, -0.117459271957, 0.220368951396, -0.185691680957, -0.0834033865247, -0.137034878402, -0.0444325055992, -0.263148616845, 0.3, -0.193411853685, -0.211444940229, -0.273472870578, -0.00894626861326, 0.123014443606, -0.0856136493333, 0.229154574757, -0.17366198178
158615,  -0.0930457,  -0.156157,  0.697474,  0.864893,  0.434911,  -0.247746,  -0.0378809,  0.492493,  0.462832,  0.275482,  -0.575157,  0.676225,  0.433574,  0.154686, 0.3, 0.231321671726, -0.11867931464, 0.220059867868, -0.185650535441, -0.0843061874623, -0.138449088431, -0.0449906977111, -0.26231219383, 0.3, -0.193120629249, -0.212385397444, -0.27360202278, -0.0112751937011, 0.122534905794, -0.0868623486913, 0.22929738892, -0.172851496419
160017,  -0.0823961,  -0.175945,  0.726764,  0.870575,  0.429015,  -0.237978,  -0.0375788,  0.516919,  0.481499,  0.29827,  -0.576414,  0.673683,  0.43522,  0.156464, 0.3, 0.229459506014, -0.114633451738, 0.218727997059, -0.188720422155, -0.0808867452938, -0.133979686744, -0.0416285642501, -0.26517259696, 0.3, -0.19213456191, -0.2137645691, -0.273850132333, -0.0130019429021, 0.121807448466, -0.0872759182341, 0.230033170653, -0.171661453145
161325,  -0.0851429,  -0.179506,  0.724117,  0.870272,  0.43008,  -0.237272,  -0.0368902,  0.511771,  0.47736,  0.302572,  -0.579014,  0.671005,  0.435747,  0.15691, 0.3, 0.22982351484, -0.114375144456, 0.21931991202, -0.188202301347, -0.0804901854844, -0.133414009139, -0.0419648161449, -0.265404702994, 0.3, -0.192088721561, -0.214554364862, -0.274136303929, -0.0150792437604, 0.120921062167, -0.0882096326973, 0.229944644331, -0.171302426261
162648,  -0.0869933,  -0.18448,  0.723506,  0.870285,  0.429275,  -0.238794,  -0.0361276,  0.507669,  0.474054,  0.305675,  -0.580923,  0.668495,  0.436948,  0.157223, 0.3, 0.229331008522, -0.115386005929, 0.218978551709, -0.188650749919, -0.0803696985581, -0.133996401912, -0.0426401581278, -0.265003360714, 0.3, -0.19178756034, -0.215361619005, -0.274225513628, -0.0170371396764, 0.120457891179, -0.0892382368559, 0.230059269691, -0.17061438835
164189,  -0.0822879,  -0.195573,  0.743032,  0.873045,  0.426785,  -0.233504,  -0.0335067,  0.526132,  0.479651,  0.322392,  -0.582113,  0.665892,  0.439359,  0.157153, 0.3, 0.228255915178, -0.113735625512, 0.218867175365, -0.190039099678, -0.077345330444, -0.130895816863, -0.0422418960265, -0.266611903988, 0.3, -0.191146473287, -0.216241869468, -0.274002284329, -0.0191347753876, 0.120650771043, -0.0906656966194, 0.230427615795, -0.169360105502
165662,  -0.08262,  -0.197684,  0.743913,  0.873358,  0.426005,  -0.233719,  -0.0337797,  0.521218,  0.476993,  0.325765,  -0.583961,  0.663238,  0.44094,  0.157086, 0.3, 0.227969877775, -0.113838011535, 0.218495929433, -0.190427213546, -0.0774403329179, -0.131106395208, -0.042038210812, -0.266540619732, 0.3, -0.190823929654, -0.217006476642, -0.273942598058, -0.0212633803655, 0.120429737294, -0.0919838899073, 0.230508343725, -0.168537436407
167018,  -0.082031,  -0.197325,  0.74169,  0.87363,  0.425296,  -0.233931,  -0.0342277,  0.515907,  0.475058,  0.327615,  -0.585289,  0.661145,  0.442358,  0.156985, 0.3, 0.227734659788, -0.113887191876, 0.218126368295, -0.190771209549, -0.0776352565625, -0.131355453624, -0.0417524890055, -0.2664628951, 0.3, -0.190510239912, -0.217618094228, -0.273842456757, -0.022946025031, 0.120348613671, -0.0930703783359, 0.230606436216, -0.167805173497
168421,  -0.0812477,  -0.194414,  0.739314,  0.873812,  0.424468,  -0.234646,  -0.0349549,  0.509976,  0.473466,  0.328412,  -0.586401,  0.659208,  0.443751,  0.157047, 0.3, 0.227464108954, -0.114119428648, 0.217621686672, -0.191163161222, -0.0780861529426, -0.131924093127, -0.041433379406, -0.266231682419, 0.3, -0.190122274511, -0.218245594749, -0.273749987935, -0.0244686398579, 0.120259011176, -0.0940136319787, 0.230770029246, -0.167052777899
169754,  -0.0802602,  -0.19083,  0.736947,  0.873767,  0.42408,  -0.235258,  -0.0366107,  0.503419,  0.471738,  0.32831,  -0.587243,  0.657677,  0.444875,  0.157139, 0.3, 0.227496203946, -0.11402096808, 0.2171606445, -0.191289408594, -0.079054516885, -0.132652020158, -0.0406674236917, -0.265987973785, 0.3, -0.189785437509, -0.218757903367, -0.273674108738, -0.0256609264258, 0.120183189595, -0.0947418322729, 0.230917744153, -0.166436115831
171202,  -0.0792554,  -0.18628,  0.7336,  0.873604,  0.423713,  -0.2362,  -0.0386324,  0.4976,  0.470917,  0.327486,  -0.587978,  0.656024,  0.446372,  0.157055, 0.3, 0.227569507415, -0.113985779256, 0.216619535114, -0.19138485072, -0.0802982933926, -0.133628648069, -0.0397989724687, -0.265630243394, 0.3, -0.189373662946, -0.219293291434, -0.273499620709, -0.0269797027604, 0.12029153383, -0.0956550540097, 0.231105411926, -0.165651438934
172596,  -0.079163,  -0.182003,  0.73064,  0.873176,  0.423829,  -0.237228,  -0.0406941,  0.491658,  0.469782,  0.326181,  -0.588559,  0.654663,  0.44757,  0.15715, 0.3, 0.227838544703, -0.113936618937, 0.21625401434, -0.191227833816, -0.0816462911326, -0.134633416612, -0.03900657793, -0.265240136498, 0.3, -0.188983235628, -0.21978090449, -0.273385955215, -0.0280322402932, 0.120309239028, -0.0963246013135, 0.231299654465, -0.164991033169