8365.27, 0.0226244, 0.601208, 0.673196, -0.166774, 0.959727, 0.178211, 0.139108, -0.171371, -0.305382, 0.734803, 0.813037, 0.576055, -0.000220481, -0.0844471
# 8365.27,-0.905671,-0.270533,-0.326453,0.0226244,-0.369696,0.880854,0.29567,0.601208,0.207569,0.388468,-0.897779,0.673196,0,0,0,1,-0.00572955,0.00682472,0.00316889,-3.41815e-05,-0.000274275,0.000700168,2.7413e-09,4.14787e-10,2.96468e-10,0.33632,0.936746,0.0969339,-0.171371,0.936671,-0.322058,-0.137571,-0.305382,-0.0976509,0.137063,-0.985737,0.734803,0,0,0,1,-0.000742927,-0.00451578,-0.000605051,1.11126e-07,3.52023e-07,2.87554e-07,2.46001e-09,1.84745e-10,-4.26276e-10
9912.58, 0.0302199, 0.611839, 0.675233, -0.218029, 0.947814, 0.180549, 0.146675, -0.178116, -0.32608, 0.732566, 0.812746, 0.576551, -0.000851181, -0.0838618
# 9912.58,-0.861899,-0.360339,-0.356771,0.0302199,-0.466267,0.839731,0.278294,0.611839,0.199311,0.406212,-0.891777,0.675233,0,0,0,1,-0.00401205,0.00670845,0.00285558,-9.4575e-05,-0.000819025,0.00211945,1.59178e-08,3.48921e-09,1.98856e-09,0.335176,0.937321,0.0953177,-0.178116,0.937036,-0.321112,-0.137298,-0.32608,-0.0980848,0.135335,-0.985933,0.732566,0,0,0,1,-0.00132996,-0.00595067,-0.000746199,4.36862e-07,8.36188e-07,8.9272e-07,1.4302e-08,1.01323e-09,-2.55364e-09
11467.9, 0.0450689, 0.622148, 0.675534, -0.258631, 0.936322, 0.182778, 0.151669, -0.186529, -0.352828, 0.729569, 0.812461, 0.577036, -0.00145174, -0.0832727
# 11467.9,-0.820213,-0.428881,-0.378566,0.0450689,-0.539768,0.799404,0.263826,0.622148,0.189477,0.420731,-0.887177,0.675534,0,0,0,1,-0.00123348,0.00654342,0.00231286,-0.000143719,-0.00141752,0.00374777,3.8655e-08,1.06054e-08,5.05107e-09,0.334055,0.93788,0.0937438,-0.186529,0.937397,-0.320191,-0.136987,-0.352828,-0.0984617,0.133636,-0.986127,0.729569,0,0,0,1,-0.0021789,-0.00828731,-0.0010026,9.66638e-07,1.11921e-06,3.57495e-06,3.50817e-08,1.68035e-09,-6.64252e-09
13054.8, 0.0696923, 0.629094, 0.672867, -0.295335, 0.924261, 0.185709, 0.155016, -0.196423, -0.386221, 0.724496, 0.812148, 0.577574, -0.00199767, -0.0825827
# 13054.8,-0.777494,-0.488359,-0.396243,0.0696923,-0.60351,0.756578,0.251725,0.629094,0.176857,0.434851,-0.882964,0.672867,0,0,0,1,0.00249506,0.00588493,0.00143011,-0.000135792,-0.00201933,0.00555919,6.89312e-08,2.6716e-08,9.80947e-09,0.33281,0.938481,0.0921503,-0.196423,0.937821,-0.319178,-0.136446,-0.386221,-0.0986399,0.131831,-0.986352,0.724496,0,0,0,1,-0.00309662,-0.0111426,-0.00150525,5.21177e-07,-1.11505e-06,8.71192e-06,6.1176e-08,1.78447e-09,-1.36127e-08
14621.7, 0.10259, 0.617613, 0.666034, -0.332299, 0.910419, 0.188889, 0.158226, -0.202481, -0.424316, 0.717088, 0.811681, 0.578329, -0.00237995, -0.0818739
# 14621.7,-0.729084,-0.545289,-0.413639,0.10259,-0.664837,0.707796,0.23878,0.617613,0.162568,0.449093,-0.878571,0.666034,0,0,0,1,0.00644989,0.00420921,0.000193893,-0.000100991,-0.00251514,0.00738892,7.83069e-08,8.06439e-08,2.46234e-08,0.33106,0.939228,0.0908366,-0.202481,0.938448,-0.317664,-0.135664,-0.424316,-0.0985636,0.130158,-0.986582,0.717088,0,0,0,1,-0.00350109,-0.0138732,-0.00225258,3.44774e-06,-9.99672e-06,2.14586e-05,8.50788e-08,-1.48725e-09,-2.32779e-08
16148, 0.141176, 0.606631, 0.655404, -0.361546, 0.898349, 0.191985, 0.15936, -0.208295, -0.4589, 0.707764, 0.81132, 0.57894, -0.00278567, -0.0811214
# 16148,-0.687778,-0.5884,-0.425145,0.141176,-0.710779,0.664852,0.229707,0.606631,0.147499,0.460171,-0.875492,0.655404,0,0,0,1,0.0102265,0.00198576,-0.0011937,-4.45287e-05,-0.0029196,0.00905104,9.47861e-08,1.20694e-07,3.21293e-08,0.329641,0.939863,0.0894088,-0.208295,0.938959,-0.316496,-0.134856,-0.4589,-0.098449,0.128405,-0.986823,0.707764,0,0,0,1,-0.0036475,-0.0158001,-0.00305643,1.66436e-06,-2.43687e-05,2.76576e-05,1.01698e-07,-4.90253e-09,-3.2869e-08
17688.1, 0.180643, 0.585289, 0.641135, -0.389077, 0.885999, 0.195109, 0.159869, -0.209102, -0.488187, 0.696607, 0.810915, 0.579619, -0.00302536, -0.0803075
# 17688.1,-0.646123,-0.627059,-0.435111,0.180643,-0.751827,0.621103,0.221331,0.585289,0.131462,0.470135,-0.872749,0.641135,0,0,0,1,0.0131958,-0.00093436,-0.00268473,2.68875e-05,-0.00321274,0.0105143,1.00882e-07,1.635e-07,3.75395e-08,0.328065,0.94053,0.0881889,-0.209102,0.939558,-0.315185,-0.133752,-0.488187,-0.0980021,0.126738,-0.987083,0.696607,0,0,0,1,-0.00318398,-0.0166155,-0.0039002,4.1239e-06,-4.59271e-05,4.02675e-05,1.06757e-07,-1.02824e-08,-4.21532e-08
19260.4, 0.215844, 0.556989, 0.625194, -0.414943, 0.87349, 0.198073, 0.160012, -0.204697, -0.508717, 0.685143, 0.81038, 0.580472, -0.00333751, -0.079525
# 19260.4,-0.604436,-0.66151,-0.443916,0.215844,-0.788286,0.577178,0.213238,0.556989,0.11516,0.478821,-0.870327,0.625194,0,0,0,1,0.0149286,-0.0039679,-0.0040058,8.89771e-05,-0.00341131,0.0116906,9.59396e-08,2.01052e-07,4.00711e-08,0.326081,0.941338,0.0869149,-0.204697,0.940276,-0.313455,-0.132766,-0.508717,-0.0977335,0.125016,-0.987329,0.685143,0,0,0,1,-0.00224498,-0.0161568,-0.00458354,7.60482e-06,-7.02003e-05,5.53341e-05,9.90713e-08,-1.62583e-08,-4.89061e-08
20829.2, 0.242315, 0.528387, 0.608322, -0.439084, 0.86096, 0.201109, 0.159713, -0.195937, -0.517619, 0.674292, 0.809803, 0.581376, -0.00370244, -0.0787859
# 20829.2,-0.563394,-0.691829,-0.45162,0.242315,-0.820307,0.533521,0.206038,0.528387,0.0984055,0.486547,-0.868094,0.608322,0,0,0,1,0.0153478,-0.00642856,-0.00514577,0.000157533,-0.0035178,0.0126112,8.33673e-08,2.27249e-07,3.78505e-08,0.323976,0.942184,0.085612,-0.195937,0.941017,-0.311589,-0.131907,-0.517619,-0.097605,0.123297,-0.987558,0.674292,0,0,0,1,-0.00105419,-0.0145399,-0.00508733,1.10132e-05,-8.83435e-05,8.11857e-05,8.01646e-08,-2.12207e-08,-5.28558e-08
22390.7, 0.252923, 0.491075, 0.592771, -0.463123, 0.847529, 0.204106, 0.159849, -0.175677, -0.518713, 0.664593, 0.808732, 0.582961, -0.00430281, -0.0780429
# 22390.7,-0.51993,-0.719769,-0.460006,0.252923,-0.850273,0.487716,0.197911,0.491075,0.0819016,0.494031,-0.865578,0.592771,0,0,0,1,0.0145706,-0.00801269,-0.00609862,0.000216967,-0.00353204,0.0132468,6.0798e-08,2.3235e-07,2.85799e-08,0.320277,0.94359,0.0840322,-0.175677,0.942247,-0.308132,-0.131248,-0.518713,-0.0979515,0.121215,-0.987782,0.664593,0,0,0,1,0.000605435,-0.0120354,-0.00546417,5.40099e-06,-9.47305e-05,0.000151528,5.13579e-08,-2.71487e-08,-5.51172e-08
23956.9, 0.264362, 0.47852, 0.578594, -0.485635, 0.834225, 0.206895, 0.159441, -0.16091, -0.502925, 0.653549, 0.807485, 0.584802, -0.00533898, -0.0771133
# 23956.9,-0.477475,-0.744282,-0.466971,0.264362,-0.876233,0.442707,0.190334,0.47852,0.065069,0.500055,-0.863546,0.578594,0,0,0,1,0.0133821,-0.00828176,-0.00657151,0.000261895,-0.00358764,0.0138287,4.81622e-08,2.29922e-07,2.02313e-08,0.315957,0.945261,0.0815697,-0.16091,0.943614,-0.304121,-0.13078,-0.502925,-0.0988143,0.118291,-0.98805,0.653549,0,0,0,1,0.00185333,-0.00866208,-0.00580624,-2.44904e-05,-7.50206e-05,0.000259405,1.60098e-08,-2.75692e-08,-5.5446e-08
25518.1, 0.269376, 0.473008, 0.565832, -0.507929, 0.820275, 0.209705, 0.158683, -0.146329, -0.478728, 0.643971, 0.805946, 0.587066, -0.00652284, -0.0759035
# 25518.1,-0.433655,-0.76673,-0.473358,0.269376,-0.899837,0.396064,0.182832,0.473008,0.0472969,0.505231,-0.861687,0.565832,0,0,0,1,0.0117332,-0.00790837,-0.0068318,0.000303568,-0.00361842,0.0143529,3.69433e-08,2.19122e-07,1.02823e-08,0.310621,0.947278,0.0786067,-0.146329,0.945298,-0.299184,-0.130007,-0.478728,-0.0996349,0.11469,-0.988392,0.643971,0,0,0,1,0.00287613,-0.00506455,-0.00597683,-7.27543e-05,-5.7293e-05,0.000400023,-2.0692e-08,-2.56482e-08,-5.36106e-08
27073.8, 0.265691, 0.477206, 0.557078, -0.529407, 0.806013, 0.212481, 0.157871, -0.13594, -0.448068, 0.637836, 0.804108, 0.589752, -0.00791722, -0.0744348
# 27073.8,-0.38961,-0.786329,-0.479469,0.265691,-0.920507,0.34916,0.175369,0.477206,0.0295139,0.50968,-0.859858,0.557078,0,0,0,1,0.00948234,-0.00672435,-0.00664473,0.000345376,-0.00364435,0.0147591,2.81238e-08,1.9699e-07,-1.3901e-10,0.30426,0.949627,0.0750636,-0.13594,0.94727,-0.293304,-0.129046,-0.448068,-0.100529,0.110369,-0.988794,0.637836,0,0,0,1,0.00338283,-0.00137257,-0.0057783,-0.000137949,-5.12027e-05,0.000572728,-5.63788e-08,-1.94086e-08,-4.75013e-08
28647.6, 0.254702, 0.488806, 0.550402, -0.549881, 0.791673, 0.2156, 0.15621, -0.127328, -0.41361, 0.63842, 0.802154, 0.592536, -0.00927498, -0.0732344
# 28647.6,-0.346459,-0.803294,-0.484444,0.254702,-0.938009,0.302296,0.169575,0.488806,0.0102267,0.513164,-0.85823,0.550402,0,0,0,1,0.00684916,-0.00501963,-0.00624356,0.000400817,-0.00360204,0.015074,2.21934e-08,1.67873e-07,-1.14677e-08,0.29763,0.951969,0.0719081,-0.127328,0.949252,-0.287076,-0.128482,-0.41361,-0.101668,0.106499,-0.989102,0.63842,0,0,0,1,0.00364138,0.00220276,-0.0050369,-0.000181414,-3.84647e-05,0.000739509,-8.97603e-08,-1.20712e-08,-3.60107e-08
30219.5, 0.231235, 0.502531, 0.548439, -0.560734, 0.782922, 0.219669, 0.156063, -0.120831, -0.380255, 0.640995, 0.800697, 0.594574, -0.0117449, -0.0723033
# 30219.5,-0.322442,-0.809458,-0.490722,0.231235,-0.946587,0.274645,0.168947,0.502531,-0.00198115,0.518987,-0.85478,0.548439,0,0,0,1,0.00387612,-0.00315288,-0.00554701,0.000488353,-0.00342734,0.0146507,1.76379e-08,1.35375e-07,-2.12746e-08,0.292688,0.953846,0.067171,-0.120831,0.950449,-0.282509,-0.129753,-0.380255,-0.104788,0.10182,-0.989269,0.640995,0,0,0,1,0.00338017,0.0051824,-0.00420026,-0.000249507,3.24007e-05,0.000830825,-1.16489e-07,-1.17048e-09,-2.36362e-08
31718.5, 0.214241, 0.51753, 0.551254, -0.568488, 0.777052, 0.221632, 0.154565, -0.120309, -0.348575, 0.649665, 0.798899, 0.597154, -0.01306, -0.0706882
# 31718.5,-0.305862,-0.814977,-0.4922,0.214241,-0.952003,0.255401,0.168703,0.51753,-0.0117806,0.520175,-0.853978,0.551254,0,0,0,1,0.00183921,-0.00167528,-0.00482502,0.000542673,-0.00333829,0.0147436,1.73019e-08,1.09808e-07,-2.68147e-08,0.286472,0.955978,0.0635563,-0.120309,0.952285,-0.27682,-0.128543,-0.348575,-0.105291,0.0973478,-0.989665,0.649665,0,0,0,1,0.00294815,0.00777751,-0.0028838,-0.000307206,2.863e-05,0.000965601,-1.38173e-07,8.58509e-09,-7.02937e-09
33259, 0.193321, 0.538232, 0.553746, -0.583761, 0.765342, 0.224355, 0.152117, -0.122787, -0.309664, 0.663276, 0.796833, 0.600045, -0.0148413, -0.069157
# 33259,-0.272167,-0.825297,-0.494782,0.193321,-0.96181,0.217776,0.165817,0.538232,-0.029097,0.521017,-0.853051,0.553746,0,0,0,1,-0.000859722,0.000503478,-0.0036305,0.000565164,-0.00320482,0.0146767,2.06606e-08,7.35661e-08,-3.27824e-08,0.279451,0.958324,0.0593425,-0.122787,0.954219,-0.270327,-0.128024,-0.309664,-0.106647,0.0924022,-0.989994,0.663276,0,0,0,1,0.00225739,0.0108987,-0.00119436,-0.000369301,4.58586e-05,0.00110921,-1.63694e-07,2.1809e-08,1.43345e-08
34828, 0.166953, 0.563881, 0.560705, -0.597268, 0.754737, 0.226624, 0.149279, -0.129345, -0.270391, 0.683135, 0.794603, 0.60316, -0.0164711, -0.0673331
# 34828,-0.241975,-0.8339,-0.496044,0.166953,-0.969221,0.183826,0.163765,0.563881,-0.0453777,0.520403,-0.852714,0.560705,0,0,0,1,-0.00379525,0.00298637,-0.00204347,0.0005565,-0.00303822,0.0144706,2.71644e-08,3.24236e-08,-3.69936e-08,0.271854,0.960763,0.0550493,-0.129345,0.956327,-0.263329,-0.126876,-0.270391,-0.107401,0.0871367,-0.99039,0.683135,0,0,0,1,0.00127076,0.0137672,0.000934927,-0.000433666,4.18257e-05,0.00125333,-1.85533e-07,3.64586e-08,3.99069e-08
36401.2, 0.137048, 0.593607, 0.571998, -0.608305, 0.746098, 0.227644, 0.146564, -0.141445, -0.230007, 0.707987, 0.792234, 0.606472, -0.0180371, -0.0650569
# 36401.2,-0.216969,-0.840981,-0.495656,0.137048,-0.974439,0.156287,0.161379,0.593607,-0.0582523,0.518001,-0.853394,0.571998,0,0,0,1,-0.00679266,0.00566962,-0.000103412,0.000484465,-0.00286144,0.0140655,3.68657e-08,-1.1641e-08,-3.86951e-08,0.263733,0.963282,0.0503313,-0.141445,0.958588,-0.255919,-0.124959,-0.230007,-0.10749,0.0812026,-0.990885,0.707987,0,0,0,1,-8.08882e-05,0.0164998,0.00338981,-0.000509763,2.6757e-05,0.0014042,-2.04756e-07,5.37095e-08,6.88193e-08
37947.6, 0.112509, 0.628134, 0.588049, -0.613467, 0.741534, 0.228148, 0.147424, -0.157635, -0.189576, 0.734191, 0.791345, 0.607803, -0.0217308, -0.0622573
# 37947.6,-0.203848,-0.842545,-0.498563,0.112509,-0.977082,0.143212,0.15748,0.628134,-0.0612839,0.519239,-0.852429,0.588049,0,0,0,1,-0.00863547,0.00805458,0.0019014,0.000435913,-0.00279896,0.0132704,4.95229e-08,-4.66847e-08,-3.45734e-08,0.260206,0.96467,0.0412872,-0.157635,0.959258,-0.253399,-0.12495,-0.189576,-0.110074,0.0721179,-0.991304,0.734191,0,0,0,1,-0.00102126,0.0182636,0.005804,-0.000674605,9.34314e-05,0.00143195,-2.15656e-07,6.60402e-08,9.61783e-08
39542.4, 0.0817511, 0.661015, 0.609111, -0.619484, 0.73699, 0.227273, 0.146398, -0.168296, -0.148522, 0.771412, 0.78954, 0.610343, -0.0248947, -0.0590687
# 39542.4,-0.189613,-0.846562,-0.497372,0.0817511,-0.979652,0.129172,0.153613,0.661015,-0.0657959,0.516379,-0.853829,0.609111,0,0,0,1,-0.0111792,0.0105773,0.00452773,0.000303286,-0.00267712,0.0125424,6.22018e-08,-8.97893e-08,-2.76967e-08,0.253724,0.966721,0.0327936,-0.168296,0.960839,-0.247986,-0.123663,-0.148522,-0.111415,0.0628857,-0.991782,0.771412,0,0,0,1,-0.00210448,0.0206254,0.00904729,-0.000823306,0.000124534,0.00152277,-2.31199e-07,7.962e-08,1.32236e-07
41080.3, 0.0529619, 0.694279, 0.634324, -0.622759, 0.735217, 0.223974, 0.146501, -0.176362, -0.10613, 0.813384, 0.78751, 0.612997, -0.0289313, -0.0567979
# 41080.3,-0.181416,-0.850102,-0.494384,0.0529619,-0.981351,0.124013,0.146868,0.694279,-0.0635426,0.511809,-0.856746,0.634324,0,0,0,1,-0.013323,0.0129395,0.00737181,7.65821e-05,-0.00262301,0.0116716,7.53602e-08,-1.30422e-07,-1.60045e-08,0.246796,0.968769,0.0240664,-0.176362,0.962196,-0.242018,-0.124927,-0.10613,-0.115201,0.0539882,-0.991874,0.813384,0,0,0,1,-0.00297719,0.0229752,0.0125145,-0.000949699,0.00021334,0.0016288,-2.46743e-07,9.09205e-08,1.7075e-07
42654.9, 0.0241107, 0.729234, 0.66224, -0.62385, 0.736208, 0.217045, 0.147309, -0.184323, -0.0655652, 0.857668, 0.784948, 0.616186, -0.0328888, -0.0555956
# 42654.9,-0.178222,-0.854622,-0.487707,0.0241107,-0.982513,0.127405,0.135783,0.729234,-0.053907,0.503377,-0.862384,0.66224,0,0,0,1,-0.0152153,0.0152358,0.0102169,-0.000305952,-0.00262571,0.0106309,8.84287e-08,-1.69061e-07,-1.37807e-09,0.238467,0.971004,0.0168824,-0.184323,0.96369,-0.234449,-0.127811,-0.0655652,-0.120146,0.046748,-0.991655,0.857668,0,0,0,1,-0.00382825,0.0250704,0.015965,-0.00102286,0.000321006,0.00176213,-2.59851e-07,1.00911e-07,2.09078e-07
44331.2, -0.00462373, 0.764823, 0.693361, -0.623169, 0.739469, 0.206355, 0.149212, -0.194622, -0.0216796, 0.906254, 0.781671, 0.620146, -0.0370508, -0.0550974
# 44331.2,-0.178793,-0.860047,-0.477863,-0.00462373,-0.983209,0.138157,0.119218,0.764823,-0.0365129,0.491154,-0.870307,0.693361,0,0,0,1,-0.0167444,0.0172806,0.0129814,-0.000823674,-0.00270347,0.0094495,9.92743e-08,-2.03914e-07,1.66916e-08,0.228092,0.973584,0.0104138,-0.194622,0.965418,-0.224766,-0.13209,-0.0216796,-0.12626,0.0401823,-0.991183,0.906254,0,0,0,1,-0.00475542,0.0268649,0.0192809,-0.00105754,0.000443916,0.0019155,-2.69818e-07,1.10569e-07,2.46079e-07
45981, -0.040476, 0.787905, 0.733158, -0.616844, 0.747781, 0.189125, 0.156711, -0.20001, 0.00708634, 0.951011, 0.77791, 0.624919, -0.03971, -0.0524948
# 45981,-0.18989,-0.863253,-0.467693,-0.040476,-0.981805,0.16747,0.0895154,0.787905,0.00105006,0.476181,-0.879346,0.733158,0,0,0,1,-0.0180728,0.0184844,0.01553,-0.00153058,-0.00300833,0.00787667,1.09802e-07,-2.29552e-07,3.34742e-08,0.215799,0.97643,0.00382829,-0.20001,0.968092,-0.213442,-0.131303,0.00708634,-0.127392,0.0320413,-0.991335,0.951011,0,0,0,1,-0.00535079,0.0270055,0.0222938,-0.00112774,0.000446864,0.00209979,-2.66712e-07,1.13133e-07,2.76342e-07
47515.7, -0.0576357, 0.815647, 0.760761, -0.6102, 0.756207, 0.17146, 0.162506, -0.207743, 0.0364208, 0.997719, 0.774588, 0.628817, -0.043937, -0.0516958
# 47515.7,-0.202494,-0.867149,-0.455026,-0.0576357,-0.978602,0.196514,0.0609959,0.815647,0.0365264,0.457641,-0.888387,0.760761,0,0,0,1,-0.0181432,0.019769,0.0173368,-0.00221355,-0.00325653,0.00646867,1.10673e-07,-2.45905e-07,5.57152e-08,0.205318,0.978691,-0.00305178,-0.207743,0.969605,-0.203834,-0.135343,0.0364208,-0.133081,0.0248292,-0.990794,0.997719,0,0,0,1,-0.00585573,0.0272831,0.0249354,-0.00117438,0.00055563,0.00224631,-2.64015e-07,1.15886e-07,3.04246e-07
49119.5, -0.0807774, 0.846782, 0.7985, -0.603799, 0.763728, 0.152043, 0.170382, -0.216423, 0.0553588, 1.04051, 0.771108, 0.632899, -0.0475915, -0.0506471
# 49119.5,-0.212794,-0.870464,-0.443858,-0.0807774,-0.974086,0.22462,0.026486,0.846782,0.0766445,0.437993,-0.895705,0.7985,0,0,0,1,-0.0182762,0.0210602,0.0195323,-0.0028839,-0.0036227,0.00513069,1.10972e-07,-2.6426e-07,8.17986e-08,0.194347,0.980889,-0.00928734,-0.216423,0.971248,-0.193746,-0.13835,0.0553588,-0.137506,0.0178676,-0.99034,1.04051,0,0,0,1,-0.00641035,0.0264158,0.0269659,-0.00121015,0.000629376,0.00238846,-2.51234e-07,1.16846e-07,3.24339e-07
50709.4, -0.0945257, 0.869076, 0.830804, -0.594115, 0.772983, 0.129812, 0.180757, -0.222683, 0.0641577, 1.07766, 0.767841, 0.636737, -0.051525, -0.048282
# 50709.4,-0.228708,-0.871553,-0.43369,-0.0945257,-0.965411,0.260352,-0.0140959,0.869076,0.125198,0.415465,-0.900952,0.830804,0,0,0,1,-0.0174525,0.0214452,0.0208732,-0.00357804,-0.00407789,0.00367371,1.02228e-07,-2.68794e-07,1.07264e-07,0.183822,0.982801,-0.0176402,-0.222683,0.97285,-0.184469,-0.139762,0.0641577,-0.140612,0.00852993,-0.990028,1.07766,0,0,0,1,-0.00664905,0.0246844,0.028188,-0.00129748,0.000679154,0.00250996,-2.32168e-07,1.14359e-07,3.3465e-07
52266.6, -0.099656, 0.881638, 0.85707, -0.581898, 0.78297, 0.105195, 0.193095, -0.226908, 0.0638022, 1.10614, 0.764817, 0.640277, -0.055678, -0.0447118
# 52266.6,-0.248218,-0.870593,-0.424801,-0.099656,-0.951844,0.300657,-0.0599939,0.881638,0.17995,0.389453,-0.903297,0.85707,0,0,0,1,-0.0158933,0.0208996,0.0213462,-0.00428034,-0.00459931,0.00216932,8.46097e-08,-2.61116e-07,1.30068e-07,0.173889,0.98437,-0.0279111,-0.226908,0.974412,-0.176091,-0.139691,0.0638022,-0.142423,-0.00290608,-0.989802,1.10614,0,0,0,1,-0.00658959,0.0222748,0.0283852,-0.0014269,0.000708139,0.00261587,-2.08811e-07,1.09019e-07,3.33425e-07
53822.6, -0.105559, 0.864173, 0.879277, -0.560168, 0.794999, 0.0802483, 0.218512, -0.222493, 0.0481969, 1.11843, 0.760666, 0.645177, -0.0580295, -0.0420242
# 53822.6,-0.276928,-0.855597,-0.437339,-0.105559,-0.925738,0.359543,-0.117212,0.864173,0.257528,0.372401,-0.891626,0.879277,0,0,0,1,-0.014652,0.0180162,0.0217377,-0.00471661,-0.00541517,0.000264819,4.5976e-08,-2.27075e-07,1.32653e-07,0.160759,0.986406,-0.0340561,-0.222493,0.976652,-0.163962,-0.138811,0.0481969,-0.142508,-0.0109458,-0.989733,1.11843,0,0,0,1,-0.00658883,0.0186562,0.0271403,-0.00148283,0.00068777,0.00277222,-1.76543e-07,1.01504e-07,3.16162e-07
55436, -0.0958825, 0.860599, 0.885165, -0.546796, 0.802756, 0.0552857, 0.231388, -0.221044, 0.0382508, 1.12658, 0.756608, 0.649991, -0.0612173, -0.0361751
# 55436,-0.294948,-0.852302,-0.431957,-0.0958825,-0.903472,0.395916,-0.164282,0.860599,0.311037,0.341806,-0.886806,0.885165,0,0,0,1,-0.0120234,0.0159448,0.0195486,-0.00532984,-0.00589479,-0.00104615,2.44361e-08,-1.86597e-07,1.3113e-07,0.147529,0.988006,-0.045608,-0.221044,0.979148,-0.152407,-0.134322,0.0382508,-0.139662,-0.0248406,-0.989888,1.12658,0,0,0,1,-0.00572411,0.0154471,0.0247518,-0.00164616,0.00062746,0.0029167,-1.51906e-07,8.84571e-08,2.87476e-07
57022, -0.0794854, 0.847634, 0.880642, -0.533064, 0.809453, 0.0314189, 0.244217, -0.217913, 0.0199672, 1.1205, 0.752474, 0.654869, -0.0637649, -0.0293881
# 57022,-0.312403,-0.847634,-0.428861,-0.0794854,-0.878326,0.429712,-0.209502,0.847634,0.361867,0.31123,-0.878742,0.880642,0,0,0,1,-0.00911639,0.0133217,0.0164745,-0.0058636,-0.00634154,-0.002259,2.924e-09,-1.38516e-07,1.20447e-07,0.134162,0.989291,-0.0574721,-0.217913,0.981796,-0.140567,-0.127743,0.0199672,-0.134454,-0.0392875,-0.990141,1.1205,0,0,0,1,-0.00474982,0.0118275,0.0212764,-0.00181774,0.000534134,0.00306,-1.25235e-07,7.39332e-08,2.47548e-07
58634.8, -0.055782, 0.827112, 0.865339, -0.520042, 0.814609, 0.00958995, 0.256664, -0.211091, 5.13665e-05, 1.10415, 0.74731, 0.660761, -0.0664451, -0.0225332
# 58634.8,-0.32736,-0.84234,-0.428135,-0.055782,-0.852185,0.458928,-0.251328,0.827112,0.408186,0.282576,-0.868064,0.865339,0,0,0,1,-0.00591578,0.0102515,0.0125196,-0.0062924,-0.0067285,-0.003336,-1.65318e-08,-8.33594e-08,1.00467e-07,0.117961,0.990581,-0.0695321,-0.211091,0.984592,-0.125775,-0.121487,5.13665e-05,-0.129088,-0.0541301,-0.990155,1.10415,0,0,0,1,-0.0035573,0.00836412,0.0169984,-0.00198042,0.000444118,0.0032489,-1.01425e-07,5.75127e-08,2.00127e-07
60236.4, -0.032709, 0.799348, 0.838804, -0.506628, 0.818886, -0.00808444, 0.269607, -0.206436, -0.0256538, 1.07495, 0.742829, 0.665778, -0.0687033, -0.0149706
# 60236.4,-0.34128,-0.834101,-0.433364,-0.032709,-0.825382,0.486526,-0.286422,0.799348,0.449747,0.259941,-0.854493,0.838804,0,0,0,1,-0.00321664,0.00701619,0.00784012,-0.00654832,-0.00703755,-0.00433376,-3.3658e-08,-2.96937e-08,6.94683e-08,0.104038,0.991176,-0.0821355,-0.206436,0.987062,-0.11303,-0.113724,-0.0256538,-0.122004,-0.0692413,-0.990112,1.07495,0,0,0,1,-0.0025864,0.00486319,0.0118819,-0.00214863,0.000333296,0.00338575,-7.76177e-08,4.30637e-08,1.44779e-07
61811.9, -0.0179321, 0.745649, 0.777627, -0.522051, 0.79807, 0.0599805, 0.29487, -0.155608, -0.0739854, 1.02496, 0.739486, 0.666461, -0.0905002, -0.0282943
# 61811.9,-0.281028,-0.797895,-0.53328,-0.0179321,-0.86864,0.447729,-0.212137,0.745649,0.408028,0.403612,-0.818908,0.777627,0,0,0,1,-0.00888012,0.00817608,0.0097725,-0.00373739,-0.00693633,-0.00359154,1.05858e-08,-8.66275e-08,5.64999e-08,0.0952787,0.990798,-0.096133,-0.155608,0.980555,-0.110058,-0.162476,-0.0739854,-0.171561,-0.0787832,-0.982019,1.02496,0,0,0,1,-0.00245183,0.00880682,0.015211,-0.00207384,0.00120079,0.00342531,-1.10726e-07,4.54674e-08,1.76698e-07
63400.4, -0.00225687, 0.727044, 0.751231, -0.511196, 0.801892, 0.0490587, 0.305354, -0.153241, -0.088882, 1.00614, 0.737151, 0.6678, -0.10153, -0.0185549
# 63400.4,-0.290875,-0.789888,-0.539879,-0.00225687,-0.849809,0.472543,-0.233512,0.727044,0.439565,0.390871,-0.808704,0.751231,0,0,0,1,-0.00658263,0.006207,0.0056461,-0.00385483,-0.00713226,-0.00437709,1.74456e-08,-4.48462e-08,2.69866e-08,0.0874708,0.988306,-0.124903,-0.153241,0.98077,-0.107399,-0.162958,-0.088882,-0.174467,-0.108247,-0.978695,1.00614,0,0,0,1,-0.00180362,0.00628558,0.0112989,-0.00246626,0.00129035,0.00342179,-9.16291e-08,3.61805e-08,1.35217e-07
65002.2, 0.0182567, 0.707792, 0.716846, -0.502174, 0.805121, 0.0382241, 0.313273, -0.151015, -0.107371, 0.979971, 0.733456, 0.670547, -0.110801, -0.0114793
# 65002.2,-0.299362,-0.784673,-0.542836,0.0182567,-0.832571,0.49272,-0.253085,0.707792,0.466055,0.376185,-0.800798,0.716846,0,0,0,1,-0.0041328,0.00431638,0.00114862,-0.00399276,-0.0072414,-0.00502807,2.89608e-08,-1.86388e-09,-4.94785e-09,0.0761794,0.986178,-0.14714,-0.151015,0.98109,-0.10047,-0.165433,-0.107371,-0.17793,-0.131755,-0.975183,0.979971,0,0,0,1,-0.00124184,0.00361896,0.00702797,-0.00273129,0.00137178,0.00347799,-7.17173e-08,2.58861e-08,9.02117e-08
66587.9, 0.0375533, 0.687826, 0.677025, -0.493091, 0.808205, 0.0294528, 0.320623, -0.153335, -0.125265, 0.94305, 0.729386, 0.674113, -0.116445, -0.00286698
# 66587.9,-0.308124,-0.77815,-0.547305,0.0375533,-0.815923,0.511988,-0.268585,0.687826,0.489213,0.363801,-0.792666,0.677025,0,0,0,1,-0.00223574,0.0025418,-0.00339147,-0.00406421,-0.00729461,-0.0056317,4.09841e-08,3.59017e-08,-3.92467e-08,0.0640251,0.984045,-0.166002,-0.153335,0.98271,-0.0911278,-0.161176,-0.125265,-0.173732,-0.152812,-0.972865,0.94305,0,0,0,1,-0.00105893,0.00141653,0.0023474,-0.00295988,0.00132298,0.00355773,-5.67882e-08,1.89181e-08,4.18662e-08
68174, 0.0585351, 0.668885, 0.62797, -0.485496, 0.811166, 0.0228009, 0.325243, -0.154331, -0.140301, 0.899003, 0.724285, 0.679188, -0.118747, 0.00362745
# 68174,-0.317022,-0.772804,-0.549792,0.0585351,-0.802468,0.527548,-0.278817,0.668885,0.505513,0.352799,-0.787395,0.62797,0,0,0,1,-0.000593998,0.000937831,-0.00834215,-0.00410802,-0.00723703,-0.00613211,5.58282e-08,7.1834e-08,-7.75906e-08,0.0492049,0.982991,-0.176941,-0.154331,0.984714,-0.0773803,-0.156048,-0.140301,-0.167086,-0.166557,-0.971772,0.899003,0,0,0,1,-0.000811567,-0.000268177,-0.00263368,-0.00306202,0.00121763,0.00368308,-4.74768e-08,1.1286e-08,-8.68162e-09
69744.1, 0.0680809, 0.705349, 0.603343, -0.532861, 0.788657, 0.095027, 0.291631, -0.145357, -0.122681, 0.8861, 0.716196, 0.685634, -0.127759, -0.0254231
# 69744.1,-0.262021,-0.785064,-0.561266,0.0680809,-0.895915,0.414058,-0.16091,0.705349,0.358722,0.460685,-0.811843,0.603343,0,0,0,1,-0.00494577,0.00533256,-0.00215121,-0.00242327,-0.00540508,-0.00404473,1.24282e-08,1.46653e-08,-3.26092e-08,0.0271664,0.988593,-0.14814,-0.145357,0.975601,-0.0585189,-0.211608,-0.122681,-0.217864,-0.138777,-0.966063,0.8861,0,0,0,1,-0.000332011,0.00530831,0.00365234,-0.00237778,0.0018794,0.00392055,-9.73351e-08,2.30019e-08,6.25655e-08
71334.7, 0.0769865, 0.689235, 0.576676, -0.522418, 0.793821, 0.0893025, 0.298249, -0.144534, -0.125173, 0.867859, 0.710633, 0.689864, -0.136169, -0.0233755
# 71334.7,-0.276253,-0.776144,-0.56682,0.0769865,-0.882682,0.438209,-0.169841,0.689235,0.380207,0.453402,-0.806145,0.576676,0,0,0,1,-0.0044792,0.00399793,-0.00426213,-0.0024163,-0.00542597,-0.00469349,1.45716e-08,3.28389e-08,-4.97448e-08,0.0110911,0.986846,-0.161281,-0.144534,0.974114,-0.0470825,-0.221099,-0.125173,-0.225784,-0.154654,-0.961823,0.867859,0,0,0,1,-0.000255743,0.00495878,0.00148861,-0.00248157,0.00200531,0.00403228,-9.80843e-08,1.87815e-08,4.12063e-08
72901.8, 0.0882118, 0.67458, 0.548249, -0.513516, 0.798499, 0.0840149, 0.302725, -0.144813, -0.130527, 0.849428, 0.704934, 0.694118, -0.144128, -0.0222529
# 72901.8,-0.289319,-0.769217,-0.569736,0.0882118,-0.870951,0.458486,-0.176736,0.67458,0.397165,0.445079,-0.802599,0.548249,0,0,0,1,-0.0037452,0.00291372,-0.00640228,-0.00242382,-0.00537867,-0.00523828,1.98244e-08,5.17513e-08,-6.52319e-08,-0.00514654,0.98503,-0.172309,-0.144813,0.972201,-0.035409,-0.231457,-0.130527,-0.234094,-0.16871,-0.957464,0.849428,0,0,0,1,-0.000239813,0.00423353,-0.000525456,-0.00254912,0.00213584,0.00414,-9.50754e-08,1.47706e-08,2.06774e-08
74470.8, 0.100578, 0.661023, 0.517357, -0.505601, 0.802905, 0.0796713, 0.305553, -0.145398, -0.132699, 0.828614, 0.698566, 0.699169, -0.150813, -0.0205792
# 74470.8,-0.302009,-0.763212,-0.571225,0.100578,-0.860587,0.47604,-0.181039,0.661023,0.410097,0.436913,-0.800579,0.517357,0,0,0,1,-0.00304755,0.00196553,-0.00858943,-0.00242857,-0.00528226,-0.00571046,2.61425e-08,6.97829e-08,-8.11066e-08,-0.0231639,0.983039,-0.181928,-0.145398,0.970625,-0.0214781,-0.239639,-0.132699,-0.239482,-0.182135,-0.953664,0.828614,0,0,0,1,-0.000231758,0.00383746,-0.00259024,-0.00260792,0.00221747,0.00427474,-9.54173e-08,1.09784e-08,1.32266e-10
76072.8, 0.111564, 0.6499, 0.485487, -0.49864, 0.807097, 0.0761991, 0.306832, -0.147511, -0.133866, 0.806516, 0.691481, 0.704751, -0.157612, -0.0184133
# 76072.8,-0.314424,-0.758142,-0.571278,0.111564,-0.851663,0.491103,-0.182997,0.6499,0.419294,0.428997,-0.800096,0.485487,0,0,0,1,-0.00256676,0.00129466,-0.0106337,-0.00243085,-0.00513783,-0.006119,3.29352e-08,8.41809e-08,-9.64298e-08,-0.0430312,0.980448,-0.192018,-0.147511,0.968839,-0.00597419,-0.24762,-0.133866,-0.243925,-0.19669,-0.949639,0.806516,0,0,0,1,-0.00033259,0.0035641,-0.00454627,-0.00267479,0.00228783,0.00442024,-9.68584e-08,8.28153e-09,-1.92531e-08
77640.2, 0.135892, 0.659214, 0.474932, -0.518253, 0.805805, 0.0883327, 0.272561, -0.181947, -0.109924, 0.806885, 0.679571, 0.719476, -0.141005, -0.025602
# 77640.2,-0.314249,-0.78707,-0.530819,0.135892,-0.883374,0.447222,-0.140153,0.659214,0.347704,0.424869,-0.835816,0.474932,0,0,0,1,-0.00203454,0.000874542,-0.00938157,-0.0026204,-0.00399706,-0.00546239,3.54701e-08,7.3255e-08,-8.28522e-08,-0.0750559,0.98509,-0.154805,-0.181947,0.97065,0.036602,-0.237696,-0.109924,-0.228485,-0.168102,-0.958925,0.806885,0,0,0,1,-0.000251245,0.00411203,-0.00434513,-0.00219119,0.0019854,0.00476929,-9.83047e-08,1.94276e-08,-2.16599e-08
79234.7, 0.139209, 0.652612, 0.45457, -0.509714, 0.810995, 0.0852487, 0.274248, -0.194519, -0.105544, 0.79207, 0.674461, 0.72303, -0.147601, -0.0233304
# 79234.7,-0.32996,-0.779992,-0.531733,0.139209,-0.873509,0.465849,-0.141304,0.652612,0.357923,0.417849,-0.835041,0.45457,0,0,0,1,-0.00265192,0.000955657,-0.009897,-0.0025985,-0.00385801,-0.00590839,3.85274e-08,7.05011e-08,-9.01991e-08,-0.089117,0.982198,-0.165365,-0.194519,0.968424,0.0466335,-0.244911,-0.105544,-0.232839,-0.181969,-0.95534,0.79207,0,0,0,1,-0.00139472,0.00474389,-0.00503026,-0.00226371,0.00205875,0.00482622,-1.06288e-07,2.91576e-08,-2.83833e-08
80868.1, 0.140564, 0.646377, 0.436303, -0.501046, 0.816358, 0.0821242, 0.275259, -0.207684, -0.102094, 0.776252, 0.669351, 0.726448, -0.15432, -0.0207093
# 80868.1,-0.346371,-0.772856,-0.531715,0.140564,-0.863277,0.484417,-0.141749,0.646377,0.367123,0.40992,-0.834977,0.436303,0,0,0,1,-0.00328844,0.00110245,-0.0102107,-0.00258551,-0.00370305,-0.00633653,4.1041e-08,6.63405e-08,-9.59185e-08,-0.103081,0.978888,-0.1765,-0.207684,0.966105,0.0563096,-0.251934,-0.102094,-0.236677,-0.196487,-0.951513,0.776252,0,0,0,1,-0.00247077,0.0051956,-0.00567385,-0.00234078,0.00212325,0.0048738,-1.12658e-07,3.79547e-08,-3.49589e-08
82458.1, 0.142256, 0.641215, 0.417194, -0.492415, 0.822067, 0.0788845, 0.274791, -0.22072, -0.0992004, 0.759115, 0.664134, 0.729866, -0.160904, -0.0182144
# 82458.1,-0.364035,-0.766243,-0.529481,0.142256,-0.85295,0.50261,-0.140925,0.641215,0.374105,0.400319,-0.836535,0.417194,0,0,0,1,-0.00379771,0.00132587,-0.0107062,-0.00259324,-0.00351629,-0.00674186,4.48735e-08,6.33284e-08,-1.02422e-07,-0.117188,0.975319,-0.187135,-0.22072,0.963596,0.0660719,-0.25907,-0.0992004,-0.240311,-0.210682,-0.947557,0.759115,0,0,0,1,-0.00343265,0.00551286,-0.00645137,-0.00241195,0.00218688,0.00492747,-1.18311e-07,4.51939e-08,-4.29588e-08
84040.4, 0.143283, 0.638332, 0.397021, -0.48407, 0.828003, 0.0760118, 0.272599, -0.230329, -0.0940946, 0.741809, 0.658788, 0.733236, -0.167561, -0.0169062
# 84040.4,-0.382732,-0.760181,-0.525015,0.143283,-0.843064,0.519796,-0.138038,0.638332,0.377835,0.38979,-0.839824,0.397021,0,0,0,1,-0.00431045,0.00167889,-0.0113624,-0.00261356,-0.00329474,-0.00711343,4.98494e-08,6.01031e-08,-1.10164e-07,-0.131425,0.971761,-0.195982,-0.230329,0.960429,0.0758429,-0.267999,-0.0940946,-0.245567,-0.223449,-0.943275,0.741809,0,0,0,1,-0.00407834,0.00596162,-0.0072744,-0.0024572,0.0022672,0.0049807,-1.2586e-07,4.92945e-08,-5.06527e-08
85650.1, 0.147132, 0.637722, 0.376522, -0.477631, 0.833934, 0.0751004, 0.26605, -0.246625, -0.0853197, 0.728464, 0.654132, 0.736417, -0.171881, -0.0161007
# 85650.1,-0.402171,-0.756665,-0.515477,0.147132,-0.836587,0.532456,-0.12889,0.637722,0.371996,0.379405,-0.847155,0.376522,0,0,0,1,-0.00510487,0.00204012,-0.0118081,-0.0027393,-0.00297718,-0.00740493,3.92971e-08,5.84905e-08,-1.06334e-07,-0.143705,0.968962,-0.201152,-0.246625,0.957892,0.0851368,-0.274215,-0.0853197,-0.248579,-0.232088,-0.940396,0.728464,0,0,0,1,-0.00471669,0.00643137,-0.00788517,-0.00243456,0.00230649,0.00501879,-1.32743e-07,6.15865e-08,-5.95894e-08
87260, 0.143512, 0.638601, 0.356132, -0.468372, 0.840703, 0.0725666, 0.261878, -0.257236, -0.0757319, 0.71257, 0.647363, 0.740919, -0.178189, -0.0144476
# 87260,-0.424096,-0.749516,-0.508299,0.143512,-0.82553,0.550724,-0.123298,0.638601,0.372346,0.367326,-0.852309,0.356132,0,0,0,1,-0.00593366,0.00267071,-0.0123508,-0.00277213,-0.00270762,-0.00776632,4.32774e-08,5.0464e-08,-1.14592e-07,-0.161425,0.964436,-0.209297,-0.257236,0.954139,0.0983396,-0.282753,-0.0757319,-0.252115,-0.245341,-0.93608,0.71257,0,0,0,1,-0.00551499,0.00723956,-0.00845052,-0.00247717,0.00237,0.00510881,-1.43692e-07,6.71069e-08,-6.41852e-08
88846.7, 0.139957, 0.63957, 0.339032, -0.459005, 0.847659, 0.0699558, 0.256702, -0.265183, -0.0679085, 0.69929, 0.639752, 0.745977, -0.184547, -0.0133241
# 88846.7,-0.446838,-0.742243,-0.499411,0.139957,-0.814074,0.568842,-0.117058,0.63957,0.370971,0.354252,-0.85842,0.339032,0,0,0,1,-0.00650922,0.00322993,-0.0125768,-0.00281657,-0.00243036,-0.00810921,4.60785e-08,4.31979e-08,-1.19029e-07,-0.18108,0.959399,-0.21625,-0.265183,0.949563,0.11332,-0.292385,-0.0679085,-0.256008,-0.258288,-0.93153,0.69929,0,0,0,1,-0.00603144,0.00774133,-0.00869944,-0.00250898,0.00244234,0.00522048,-1.51137e-07,7.03101e-08,-6.5936e-08
90470.9, 0.136141, 0.638671, 0.323607, -0.449791, 0.854663, 0.0669563, 0.250512, -0.272761, -0.0604344, 0.687435, 0.63181, 0.751129, -0.190939, -0.0127934
# 90470.9,-0.469863,-0.735293,-0.488439,0.136141,-0.802386,0.58641,-0.110906,0.638671,0.367974,0.339806,-0.865521,0.323607,0,0,0,1,-0.0069044,0.00354225,-0.0126121,-0.00287807,-0.00214255,-0.00843305,4.63886e-08,3.75216e-08,-1.21298e-07,-0.201305,0.954027,-0.222055,-0.272761,0.944256,0.128717,-0.303005,-0.0604344,-0.260493,-0.270674,-0.926758,0.687435,0,0,0,1,-0.0064133,0.00806694,-0.00877661,-0.00252628,0.00252041,0.00533045,-1.56563e-07,7.25848e-08,-6.61443e-08
92082, 0.133423, 0.639057, 0.310563, -0.440421, 0.861819, 0.0634467, 0.243459, -0.27953, -0.0547676, 0.678206, 0.623963, 0.756075, -0.197141, -0.0125268
# 92082,-0.493514,-0.728233,-0.475522,0.133423,-0.790019,0.604008,-0.10509,0.639057,0.363749,0.323808,-0.873405,0.310563,0,0,0,1,-0.00705537,0.00394192,-0.0124199,-0.00295654,-0.00185052,-0.00875111,4.73376e-08,3.2125e-08,-1.20337e-07,-0.221028,0.948464,-0.227075,-0.27953,0.938586,0.143612,-0.313739,-0.0547676,-0.264959,-0.282474,-0.921957,0.678206,0,0,0,1,-0.00669605,0.00813724,-0.00854729,-0.00253588,0.00259619,0.00543282,-1.58737e-07,7.46786e-08,-6.39025e-08
93718.4, 0.130908, 0.639452, 0.301595, -0.42659, 0.866851, 0.0773494, 0.246187, -0.289008, -0.0524115, 0.668461, 0.613467, 0.764766, -0.19646, -0.013976
# 93718.4,-0.514827,-0.701494,-0.492807,0.130908,-0.777664,0.624077,-0.0759404,0.639452,0.360821,0.344142,-0.866819,0.301595,0,0,0,1,-0.0075706,0.00391729,-0.0115997,-0.00262054,-0.00159715,-0.0090869,1.39055e-08,2.79382e-08,-1.11652e-07,-0.246926,0.943808,-0.219667,-0.289008,0.932826,0.170124,-0.317639,-0.0524115,-0.26242,-0.283344,-0.922417,0.668461,0,0,0,1,-0.0067202,0.00752324,-0.00812622,-0.00242478,0.00253278,0.00564602,-1.49238e-07,7.41597e-08,-5.93349e-08
95339.3, 0.132454, 0.636681, 0.293803, -0.41665, 0.873775, 0.0749774, 0.239373, -0.291263, -0.0532075, 0.663273, 0.606337, 0.768778, -0.202907, -0.0128453
# 95339.3,-0.538208,-0.692221,-0.480794,0.132454,-0.764011,0.641563,-0.0684422,0.636681,0.355837,0.330496,-0.874158,0.293803,0,0,0,1,-0.00700081,0.00387171,-0.0110014,-0.00267422,-0.00132284,-0.00938969,1.26191e-08,2.94518e-08,-1.03822e-07,-0.264381,0.93749,-0.226309,-0.291263,0.927064,0.182369,-0.327558,-0.0532075,-0.26581,-0.296403,-0.917328,0.663273,0,0,0,1,-0.00649559,0.00690368,-0.00753929,-0.00245573,0.00260083,0.00571457,-1.43054e-07,7.27193e-08,-5.49224e-08
96958, 0.136988, 0.631677, 0.289006, -0.406828, 0.880392, 0.0727278, 0.232621, -0.291981, -0.059043, 0.659803, 0.600277, 0.772082, -0.208382, -0.0115552
# 96958,-0.560757,-0.6825,-0.46877,0.136988,-0.750172,0.658404,-0.0612153,0.631677,0.350419,0.317331,-0.881196,0.289006,0,0,0,1,-0.00606214,0.00359396,-0.0102188,-0.00272242,-0.00106295,-0.00967193,1.08828e-08,3.45121e-08,-9.28906e-08,-0.279068,0.931742,-0.23233,-0.291981,0.922111,0.192489,-0.335648,-0.059043,-0.268016,-0.307903,-0.912887,0.659803,0,0,0,1,-0.00605858,0.00583334,-0.00682248,-0.00247752,0.00264633,0.00575113,-1.31445e-07,7.03915e-08,-5.02664e-08
98583.4, 0.145233, 0.62633, 0.285564, -0.397321, 0.886558, 0.0706551, 0.226184, -0.288962, -0.0642398, 0.658759, 0.593551, 0.775606, -0.214503, -0.0109898
# 98583.4,-0.581953,-0.672534,-0.457196,0.145233,-0.736458,0.674288,-0.054456,0.62633,0.344905,0.305015,-0.887697,0.285564,0,0,0,1,-0.00485761,0.00326199,-0.00936569,-0.00276305,-0.000819015,-0.0099364,1.01547e-08,4.17177e-08,-8.02182e-08,-0.295153,0.925439,-0.237589,-0.288962,0.916009,0.203371,-0.345785,-0.0642398,-0.271684,-0.319693,-0.907736,0.658759,0,0,0,1,-0.00534684,0.00486786,-0.00597484,-0.00249215,0.0027137,0.00579998,-1.2021e-07,6.60679e-08,-4.37223e-08
100217, 0.159573, 0.619563, 0.282251, -0.388785, 0.891794, 0.0697814, 0.220636, -0.282285, -0.0713954, 0.658062, 0.585434, 0.780314, -0.219806, -0.00788065
# 100217,-0.600332,-0.66264,-0.447784,0.159573,-0.724225,0.687953,-0.0470991,0.619563,0.339264,0.296021,-0.8929,0.282251,0,0,0,1,-0.00310836,0.00270143,-0.00859549,-0.00277299,-0.000597698,-0.0101595,1.10024e-08,5.47929e-08,-6.59425e-08,-0.31441,0.917109,-0.245065,-0.282285,0.910181,0.217905,-0.352263,-0.0713954,-0.269662,-0.333808,-0.903247,0.658062,0,0,0,1,-0.00427053,0.0036585,-0.00518409,-0.00254274,0.00273276,0.00588732,-1.05513e-07,5.85546e-08,-3.7947e-08
101829, 0.16399, 0.629883, 0.298936, -0.415154, 0.883603, 0.0743225, 0.203394, -0.294022, -0.0641428, 0.671692, 0.555989, 0.795108, -0.242234, -0.00121688
# 101829,-0.572557,-0.703429,-0.421149,0.16399,-0.763896,0.644247,-0.0375361,0.629883,0.297728,0.300222,-0.906214,0.298936,0,0,0,1,-0.00181865,0.00132677,-0.0071501,-0.00290179,-0.000348799,-0.00957613,2.24296e-08,6.94524e-08,-4.40517e-08,-0.381749,0.884733,-0.267424,-0.294022,0.883554,0.264398,-0.386558,-0.0641428,-0.271294,-0.383851,-0.882643,0.671692,0,0,0,1,-0.00295252,0.00222069,-0.00405415,-0.00282833,0.00301099,0.00644482,-9.56719e-08,2.94676e-08,-1.54499e-08
103413, 0.178451, 0.619185, 0.305074, -0.405761, 0.888862, 0.0726584, 0.200007, -0.28445, -0.0761038, 0.675076, 0.548584, 0.798364, -0.248313, 0.00325939
# 103413,-0.590711,-0.692267,-0.414521,0.178451,-0.750395,0.660158,-0.033143,0.619185,0.296593,0.291476,-0.909436,0.305074,0,0,0,1,-0.000534031,0.000755835,-0.00563249,-0.00289295,-0.000187947,-0.0098227,2.15037e-08,7.70223e-08,-2.51096e-08,-0.39809,0.874321,-0.277645,-0.28445,0.877559,0.274793,-0.392912,-0.0761038,-0.267236,-0.400064,-0.876661,0.675076,0,0,0,1,-0.00204341,0.00114914,-0.00294278,-0.00290807,0.00302631,0.00648906,-8.11222e-08,2.48468e-08,-6.85587e-09
105025, 0.21281, 0.612573, 0.297715, -0.394144, 0.893897, 0.0738601, 0.200359, -0.275699, -0.0783015, 0.67821, 0.542774, 0.80061, -0.253746, 0.00569621
# 105025,-0.609014,-0.675051,-0.416424,0.21281,-0.734245,0.678391,-0.0258943,0.612573,0.299978,0.289987,-0.908802,0.297715,0,0,0,1,0.00209586,0.000576219,-0.00528359,-0.00279068,-7.16113e-05,-0.0100998,3.5485e-08,9.52217e-08,-9.97937e-09,-0.410727,0.86621,-0.284575,-0.275699,0.871992,0.282018,-0.40012,-0.0783015,-0.266333,-0.412488,-0.871161,0.67821,0,0,0,1,-0.00126814,0.000732884,-0.00196437,-0.00294246,0.00305123,0.00649436,-7.33139e-08,2.10344e-08,2.02748e-09
106655, 0.245691, 0.606845, 0.291333, -0.383921, 0.898474, 0.0736099, 0.199824, -0.265528, -0.0781555, 0.684092, 0.536475, 0.803046, -0.259366, 0.00632293
# 106655,-0.62535,-0.660469,-0.415595,0.245691,-0.719305,0.694372,-0.0211604,0.606845,0.302553,0.285707,-0.909304,0.291333,0,0,0,1,0.00424693,0.000489994,-0.0048761,-0.00273055,3.81429e-05,-0.0103446,4.75563e-08,1.08944e-07,3.23123e-09,-0.424309,0.858349,-0.288442,-0.265528,0.864909,0.289847,-0.409782,-0.0781555,-0.268132,-0.42335,-0.865379,0.684092,0,0,0,1,-0.000526667,0.000629192,-0.000931916,-0.00294663,0.00309887,0.00650739,-6.83177e-08,1.75916e-08,1.21422e-08
108248, 0.277116, 0.599398, 0.28856, -0.374305, 0.902639, 0.0728623, 0.199572, -0.255621, -0.0797446, 0.689062, 0.530227, 0.80551, -0.264464, 0.0085209
# 108248,-0.640133,-0.646643,-0.414829,0.277116,-0.704808,0.709174,-0.017865,0.599398,0.305738,0.280938,-0.909724,0.28856,0,0,0,1,0.00605269,0.000258331,-0.00424768,-0.00268191,0.000127024,-0.0105678,5.61386e-08,1.20361e-07,1.66571e-08,-0.437574,0.849698,-0.294179,-0.255621,0.858712,0.297837,-0.417021,-0.0797446,-0.266725,-0.435093,-0.859972,0.689062,0,0,0,1,0.000137575,0.000472018,-8.60715e-05,-0.00297249,0.00312022,0.0065195,-6.31064e-08,1.45542e-08,2.03511e-08
109864, 0.295696, 0.620567, 0.279666, -0.386646, 0.893889, 0.082949, 0.211154, -0.267817, -0.0577805, 0.692367, 0.53814, 0.790861, -0.291235, 0.0112006
# 109864,-0.611837,-0.656208,-0.44164,0.295696,-0.726268,0.687248,-0.0149893,0.620567,0.313352,0.311578,-0.897067,0.279666,0,0,0,1,0.00677539,0.00134047,-0.00432737,-0.00244214,-5.4007e-05,-0.0103215,5.75212e-08,1.14291e-07,1.42007e-08,-0.42056,0.844664,-0.331167,-0.267817,0.857713,0.251174,-0.448599,-0.0577805,-0.295735,-0.472709,-0.830113,0.692367,0,0,0,1,4.27732e-05,0.00208273,0.00033916,-0.00325757,0.00350031,0.00613856,-7.3955e-08,2.00931e-08,2.73155e-08
111431, 0.324385, 0.620866, 0.276202, -0.375721, 0.898568, 0.0812892, 0.211664, -0.260517, -0.0544841, 0.69774, 0.53165, 0.793585, -0.295593, 0.014027
# 111431,-0.628064,-0.64081,-0.441473,0.324385,-0.709633,0.704452,-0.0129653,0.620866,0.319305,0.305141,-0.897181,0.276202,0,0,0,1,0.0077658,0.00181089,-0.0037347,-0.00241238,1.54901e-05,-0.0105801,6.76008e-08,1.14862e-07,2.36689e-08,-0.434304,0.835525,-0.336567,-0.260517,0.852111,0.259946,-0.454241,-0.0544841,-0.292041,-0.484071,-0.824856,0.69774,0,0,0,1,9.92328e-05,0.00235472,0.00117147,-0.00328244,0.0034981,0.00616586,-7.43497e-08,2.18839e-08,3.55352e-08
113055, 0.349061, 0.618637, 0.275503, -0.365064, 0.902946, 0.0795169, 0.212351, -0.253368, -0.055601, 0.704987, 0.526245, 0.795766, -0.29926, 0.0163203
# 113055,-0.64327,-0.625496,-0.441541,0.349061,-0.693038,0.72081,-0.0114449,0.618637,0.325426,0.298643,-0.897168,0.275503,0,0,0,1,0.00835514,0.00202335,-0.00299988,-0.00238355,7.97176e-05,-0.0108249,7.29151e-08,1.13938e-07,3.26562e-08,-0.4456,0.827768,-0.340942,-0.253368,0.847304,0.26702,-0.459104,-0.055601,-0.288994,-0.493458,-0.820355,0.704987,0,0,0,1,0.00017128,0.00229921,0.00201249,-0.00328885,0.00348712,0.00616338,-7.16176e-08,2.43177e-08,4.26868e-08
114675, 0.369604, 0.612475, 0.276374, -0.354779, 0.906915, 0.0781768, 0.213367, -0.246669, -0.0614846, 0.711518, 0.522129, 0.797234, -0.302419, 0.0185108
# 114675,-0.657213,-0.610148,-0.442483,0.369604,-0.676869,0.736041,-0.00959676,0.612475,0.331541,0.293196,-0.896726,0.276374,0,0,0,1,0.0085998,0.00183791,-0.00231026,-0.0023461,0.000137816,-0.0110506,7.32514e-08,1.13494e-07,3.97885e-08,-0.454078,0.821321,-0.345318,-0.246669,0.843714,0.271849,-0.462867,-0.0614846,-0.286288,-0.501527,-0.816401,0.711518,0,0,0,1,0.000274668,0.00191289,0.00258075,-0.00328843,0.00347097,0.00613763,-6.64691e-08,2.62375e-08,4.63084e-08
116261, 0.388525, 0.605582, 0.277834, -0.344924, 0.910404, 0.0774307, 0.214934, -0.237014, -0.0656349, 0.717393, 0.517004, 0.798722, -0.307151, 0.0202141
# 116261,-0.669662,-0.594755,-0.44477,0.388525,-0.661325,0.750064,-0.00728549,0.605582,0.337939,0.289258,-0.895615,0.277834,0,0,0,1,0.00877461,0.00152548,-0.00166209,-0.00229713,0.000184661,-0.0112557,7.2179e-08,1.1363e-07,4.63964e-08,-0.464597,0.813467,-0.349887,-0.237014,0.838302,0.276731,-0.469755,-0.0656349,-0.285305,-0.511558,-0.8105,0.717393,0,0,0,1,0.000672011,0.00168908,0.00297942,-0.00329887,0.00348618,0.00612583,-6.21095e-08,2.46964e-08,4.96577e-08
117853, 0.403678, 0.600373, 0.278938, -0.337307, 0.911564, 0.0824565, 0.220173, -0.228618, -0.0668182, 0.721282, 0.513494, 0.798098, -0.31457, 0.0202191
# 117853,-0.675495,-0.578645,-0.457031,0.403678,-0.651264,0.75885,0.00179656,0.600373,0.345778,0.298861,-0.889449,0.278938,0,0,0,1,0.00840466,0.000523138,-0.00129567,-0.00218729,0.000215002,-0.0113729,5.2397e-08,1.16848e-07,4.55219e-08,-0.471831,0.806917,-0.355333,-0.228618,0.832358,0.27474,-0.481351,-0.0668182,-0.290786,-0.52288,-0.801274,0.721282,0,0,0,1,0.00127415,0.00193063,0.00327453,-0.00329292,0.00356815,0.00607969,-6.30136e-08,2.32671e-08,5.14477e-08
119493, 0.41805, 0.592035, 0.283654, -0.328627, 0.91418, 0.0822802, 0.222505, -0.218069, -0.0719635, 0.7285, 0.50815, 0.799785, -0.318822, 0.0219006
# 119493,-0.684992,-0.564233,-0.460899,0.41805,-0.637464,0.770469,0.00419569,0.592035,0.352741,0.29668,-0.887443,0.283654,0,0,0,1,0.00827075,0.000174863,-0.000467884,-0.00212949,0.000243308,-0.011542,4.8328e-08,1.15009e-07,5.26896e-08,-0.482608,0.798857,-0.35905,-0.218069,0.826787,0.280272,-0.487721,-0.0719635,-0.288987,-0.532236,-0.795746,0.7285,0,0,0,1,0.0016964,0.00163132,0.00369706,-0.0032972,0.00357524,0.00607534,-5.75725e-08,2.21177e-08,5.47901e-08
121108, 0.430816, 0.582676, 0.289321, -0.320717, 0.916283, 0.0826367, 0.225251, -0.205714, -0.0794311, 0.735622, 0.503356, 0.8013, -0.322533, 0.0228876
# 121108,-0.692806,-0.550507,-0.465792,0.430816,-0.624963,0.780624,0.00695377,0.582676,0.35978,0.29592,-0.884867,0.289321,0,0,0,1,0.0081323,-0.000302523,0.000305041,-0.00206359,0.000264063,-0.0116882,4.32502e-08,1.14314e-07,5.94453e-08,-0.492217,0.791914,-0.361378,-0.205714,0.821443,0.28521,-0.49385,-0.0794311,-0.288018,-0.539933,-0.790897,0.735622,0,0,0,1,0.0023023,0.00115246,0.00400985,-0.0032847,0.00358241,0.00605891,-5.0006e-08,1.94544e-08,5.69604e-08
122724, 0.440642, 0.572166, 0.295136, -0.313249, 0.918001, 0.0834378, 0.228445, -0.194527, -0.0869413, 0.739233, 0.498764, 0.802862, -0.325652, 0.0244546
# 122724,-0.699376,-0.537004,-0.471699,0.440642,-0.613248,0.789826,0.0100717,0.572166,0.367152,0.296312,-0.881702,0.295136,0,0,0,1,0.00774951,-0.000870347,0.000926978,-0.00198983,0.000277479,-0.0118194,3.63025e-08,1.13229e-07,6.39152e-08,-0.501274,0.784949,-0.364114,-0.194527,0.816804,0.290371,-0.498513,-0.0869413,-0.28558,-0.547302,-0.786706,0.739233,0,0,0,1,0.00275707,0.000736322,0.00393139,-0.003276,0.00357281,0.006044,-4.4703e-08,1.61905e-08,5.57919e-08
124328, 0.454177, 0.562183, 0.299473, -0.306757, 0.919083, 0.0850399, 0.232283, -0.181171, -0.0955587, 0.744721, 0.493361, 0.804827, -0.32894, 0.0254399
# 124328,-0.70389,-0.524364,-0.479147,0.454177,-0.603377,0.797337,0.0138087,0.562183,0.374801,0.298826,-0.877626,0.299473,0,0,0,1,0.00788173,-0.00141752,0.0013839,-0.00190302,0.000280233,-0.0119235,3.29897e-08,1.15807e-07,6.92351e-08,-0.511895,0.777404,-0.365522,-0.181171,0.810877,0.296786,-0.504377,-0.0955587,-0.283623,-0.554582,-0.782303,0.744721,0,0,0,1,0.00345776,0.000153254,0.00403475,-0.00326153,0.00357233,0.00604265,-3.62357e-08,1.24231e-08,5.60556e-08
125971, 0.461125, 0.56067, 0.304353, -0.304434, 0.915946, 0.0985041, 0.242197, -0.170918, -0.101983, 0.748544, 0.493386, 0.802383, -0.335149, 0.0206517
# 125971,-0.697321,-0.509975,-0.503656,0.461125,-0.605404,0.795234,0.0329829,0.56067,0.383704,0.327915,-0.863275,0.304353,0,0,0,1,0.00760056,-0.00180074,0.00157901,-0.00163617,0.000246415,-0.0119449,2.7237e-08,1.20516e-07,7.04873e-08,-0.512287,0.777927,-0.363857,-0.170918,0.805613,0.288491,-0.517457,-0.101983,-0.297574,-0.558214,-0.774498,0.748544,0,0,0,1,0.00448957,-0.000182315,0.00387208,-0.00319534,0.0036692,0.00592505,-2.875e-08,6.29636e-09,5.46983e-08
127559, 0.476283, 0.550168, 0.306738, -0.299646, 0.916301, 0.100041, 0.246163, -0.155428, -0.112434, 0.754234, 0.488006, 0.804321, -0.338368, 0.0206289
# 127559,-0.699233,-0.499879,-0.511072,0.476283,-0.598384,0.800408,0.0358115,0.550168,0.391165,0.330858,-0.858792,0.306738,0,0,0,1,0.00799886,-0.00238999,0.00175487,-0.00156123,0.000236349,-0.0120147,2.61337e-08,1.26069e-07,7.4466e-08,-0.52285,0.771066,-0.363436,-0.155428,0.798987,0.294715,-0.524179,-0.112434,-0.297067,-0.564447,-0.770163,0.754234,0,0,0,1,0.00525067,-0.000899204,0.00397308,-0.00316835,0.00367898,0.00592655,-1.87324e-08,2.63569e-09,5.43063e-08
129132, 0.488896, 0.539661, 0.309237, -0.294983, 0.91645, 0.102099, 0.250362, -0.140673, -0.120741, 0.755964, 0.482275, 0.80621, -0.342001, 0.0217076
# 129132,-0.700608,-0.48955,-0.519124,0.488896,-0.591797,0.805122,0.0394319,0.539661,0.398654,0.334842,-0.853789,0.309237,0,0,0,1,0.00806392,-0.00294297,0.00186401,-0.00147849,0.000224089,-0.0120759,2.31899e-08,1.29601e-07,7.64849e-08,-0.533879,0.762782,-0.364879,-0.140673,0.792478,0.300891,-0.530512,-0.120741,-0.294876,-0.572388,-0.765128,0.755964,0,0,0,1,0.0058296,-0.00133642,0.00369295,-0.00316113,0.00368616,0.00593486,-1.30195e-08,-2.10935e-09,5.15886e-08
130746, 0.506855, 0.534152, 0.305068, -0.289957, 0.916324, 0.105063, 0.255415, -0.125241, -0.124106, 0.753632, 0.476398, 0.808291, -0.345228, 0.0229694
# 130746,-0.701376,-0.477719,-0.529014,0.506855,-0.585058,0.809774,0.0444249,0.534152,0.407159,0.340662,-0.847449,0.305068,0,0,0,1,0.00846903,-0.00305449,0.00139788,-0.00137691,0.000206041,-0.0121379,2.72769e-08,1.33259e-07,7.50786e-08,-0.545035,0.754277,-0.366064,-0.125241,0.785996,0.307725,-0.536205,-0.124106,-0.2918,-0.579976,-0.76058,0.753632,0,0,0,1,0.00630605,-0.00142925,0.00311155,-0.00315138,0.00368328,0.00594308,-1.16609e-08,-8.54359e-09,4.76588e-08
132360, 0.519723, 0.523133, 0.303449, -0.285991, 0.915846, 0.107849, 0.260391, -0.11075, -0.132707, 0.74729, 0.472356, 0.809153, -0.348616, 0.0248606
# 132360,-0.700812,-0.467682,-0.538644,0.519723,-0.580013,0.813156,0.0486073,0.523133,0.415269,0.346485,-0.84113,0.303449,0,0,0,1,0.00846815,-0.00366913,0.00109516,-0.00128334,0.00018394,-0.01218,2.47455e-08,1.38128e-07,7.33931e-08,-0.552524,0.747083,-0.369574,-0.11075,0.78175,0.310694,-0.540681,-0.132707,-0.289109,-0.587654,-0.755698,0.74729,0,0,0,1,0.00676662,-0.00187308,0.00217758,-0.00315351,0.00367391,0.00591576,-8.58752e-09,-1.60857e-08,3.95708e-08
133977, 0.526719, 0.514708, 0.302237, -0.283246, 0.911201, 0.129942, 0.269443, -0.0997007, -0.137761, 0.74379, 0.470034, 0.80886, -0.352573, 0.022501
# 133977,-0.694344,-0.446164,-0.564645,0.526719,-0.586212,0.805773,0.0841699,0.514708,0.417422,0.389444,-0.821031,0.302237,0,0,0,1,0.00830094,-0.00437597,0.000464241,-0.000897678,0.000248009,-0.0121295,2.89082e-08,1.35296e-07,7.6457e-08,-0.557123,0.744517,-0.367843,-0.0997007,0.77625,0.30952,-0.549212,-0.137761,-0.295043,-0.591517,-0.750372,0.74379,0,0,0,1,0.00725839,-0.00218676,0.00113782,-0.00311178,0.00371335,0.00585862,-6.38962e-09,-2.25146e-08,3.04705e-08
135608, 0.53521, 0.500711, 0.297391, -0.281, 0.910294, 0.132885, 0.273394, -0.0864528, -0.145979, 0.737485, 0.465494, 0.810231, -0.355425, 0.0226792
# 135608,-0.692589,-0.438926,-0.57242,0.53521,-0.584247,0.80676,0.0882818,0.500711,0.423057,0.395578,-0.815194,0.297391,0,0,0,1,0.00796748,-0.00507469,-8.46687e-05,-0.000821434,0.00023407,-0.0121385,2.43295e-08,1.40247e-07,7.10997e-08,-0.565603,0.738193,-0.367647,-0.0864528,0.770437,0.313977,-0.554839,-0.145979,-0.294145,-0.597067,-0.746318,0.737485,0,0,0,1,0.00747323,-0.00253948,0.000307676,-0.00308525,0.00371367,0.00583956,-5.01154e-09,-2.79364e-08,2.25874e-08
137229, 0.55005, 0.495476, 0.288412, -0.27889, 0.909175, 0.136012, 0.277708, -0.0727768, -0.149173, 0.730547, 0.46077, 0.81104, -0.359738, 0.0222337
# 137229,-0.690197,-0.431577,-0.580835,0.55005,-0.582664,0.807442,0.0924179,0.495476,0.429105,0.402218,-0.808758,0.288412,0,0,0,1,0.00817937,-0.00497162,-0.000829349,-0.000742216,0.000215354,-0.0121438,2.90523e-08,1.424e-07,6.64648e-08,-0.574393,0.731409,-0.367578,-0.0727768,0.763403,0.316559,-0.563034,-0.149173,-0.295448,-0.604013,-0.740189,0.730547,0,0,0,1,0.00764235,-0.00256616,-0.000343921,-0.00306677,0.00374228,0.00581952,-6.23958e-09,-3.29822e-08,1.72405e-08
138850, 0.559831, 0.48668, 0.28384, -0.277167, 0.907767, 0.1393, 0.282369, -0.065094, -0.160658, 0.722683, 0.457569, 0.811298, -0.363134, 0.0236705
# 138850,-0.686892,-0.424538,-0.58987,0.559831,-0.581874,0.807548,0.0963781,0.48668,0.435432,0.409432,-0.801726,0.28384,0,0,0,1,0.00800374,-0.00510639,-0.00120174,-0.000661023,0.000191623,-0.0121399,2.8239e-08,1.43302e-07,6.33999e-08,-0.58014,0.725259,-0.370725,-0.065094,0.759641,0.317529,-0.567557,-0.160658,-0.29391,-0.610881,-0.735148,0.722683,0,0,0,1,0.00735716,-0.0031624,-0.000978894,-0.00306413,0.00373828,0.00577748,-5.13496e-09,-3.29896e-08,8.2161e-09
140465, 0.567794, 0.476485, 0.277733, -0.27645, 0.906253, 0.1421, 0.28651, -0.0573953, -0.17242, 0.713687, 0.454482, 0.811531, -0.366404, 0.0247242
# 140465,-0.682974,-0.419641,-0.597869,0.567794,-0.582494,0.806766,0.0991459,0.476485,0.440734,0.415969,-0.795439,0.277733,0,0,0,1,0.00772714,-0.00538795,-0.00169174,-0.0005941,0.000167883,-0.0121217,2.61479e-08,1.45442e-07,5.87418e-08,-0.58567,0.719534,-0.373177,-0.0573953,0.755771,0.318389,-0.572223,-0.17242,-0.292919,-0.61717,-0.730274,0.713687,0,0,0,1,0.00714189,-0.00372827,-0.00170307,-0.00305577,0.00373596,0.00573399,-4.24582e-09,-3.42218e-08,-1.12723e-09
142069, 0.572327, 0.467513, 0.275431, -0.27271, 0.902813, 0.161198, 0.290813, -0.0491117, -0.181195, 0.707084, 0.449702, 0.813058, -0.368635, 0.0285117
# 142069,-0.682113,-0.398656,-0.613021,0.572327,-0.58617,0.799288,0.132448,0.467513,0.437179,0.44968,-0.778885,0.275431,0,0,0,1,0.0070089,-0.00563118,-0.00225894,-0.000300657,0.000219411,-0.0120609,1.29616e-08,1.469e-07,2.5563e-08,-0.59391,0.710247,-0.377915,-0.0491117,0.752289,0.323752,-0.5738,-0.181195,-0.285189,-0.625087,-0.726591,0.707084,0,0,0,1,0.00686211,-0.00403551,-0.00254183,-0.00308358,0.00369259,0.00572745,-6.80822e-09,-3.64462e-08,-9.94114e-09
143678, 0.575033, 0.456099, 0.268602, -0.273303, 0.901141, 0.163631, 0.294068, -0.0448003, -0.192059, 0.695603, 0.446344, 0.813788, -0.370953, 0.030351
# 143678,-0.677659,-0.396332,-0.619434,0.575033,-0.588806,0.797061,0.13417,0.456099,0.440551,0.455648,-0.773498,0.268602,0,0,0,1,0.00638225,-0.00595675,-0.00276467,-0.000253792,0.000201794,-0.0120235,8.22399e-09,1.48387e-07,1.87605e-08,-0.599713,0.70394,-0.380543,-0.0448003,0.748975,0.326343,-0.57666,-0.192059,-0.281746,-0.630848,-0.722946,0.695603,0,0,0,1,0.0064192,-0.00442832,-0.00336542,-0.00307627,0.00367298,0.00569631,-8.73797e-09,-3.70431e-08,-1.97129e-08
145323, 0.575872, 0.445541, 0.259045, -0.27441, 0.899463, 0.166404, 0.296605, -0.0403344, -0.200562, 0.684789, 0.442414, 0.814401, -0.374263, 0.0307877
# 145323,-0.673449,-0.394931,-0.624897,0.575872,-0.592356,0.794018,0.136566,0.445541,0.442245,0.462132,-0.76867,0.259045,0,0,0,1,0.00563572,-0.00616621,-0.00345237,-0.000209143,0.00019639,-0.0119756,4.0191e-09,1.49215e-07,9.71259e-09,-0.606644,0.697559,-0.381306,-0.0403344,0.74365,0.328394,-0.582359,-0.200562,-0.281012,-0.636843,-0.717958,0.684789,0,0,0,1,0.00595129,-0.00459122,-0.00409184,-0.00306065,0.00367758,0.00566694,-1.26396e-08,-3.77187e-08,-2.79006e-08
146937, 0.57678, 0.435511, 0.248002, -0.276587, 0.897773, 0.168827, 0.298329, -0.0361137, -0.207478, 0.673494, 0.437967, 0.815737, -0.3766, 0.0305041
# 146937,-0.668999,-0.395893,-0.629054,0.57678,-0.597357,0.789994,0.138109,0.435511,0.442273,0.468164,-0.764995,0.248002,0,0,0,1,0.00502377,-0.00636064,-0.00420696,-0.000177668,0.000195581,-0.0119144,9.6694e-10,1.50916e-07,7.027e-10,-0.614509,0.691556,-0.379644,-0.0361137,0.737508,0.332714,-0.587694,-0.207478,-0.28011,-0.641133,-0.714483,0.673494,0,0,0,1,0.00557667,-0.00468109,-0.00482167,-0.0030287,0.00367906,0.00565304,-1.65764e-08,-3.90707e-08,-3.55123e-08
148552, 0.576269, 0.427828, 0.237335, -0.278646, 0.896069, 0.171792, 0.299842, -0.0332803, -0.211268, 0.662786, 0.433343, 0.816799, -0.379702, 0.029679
# 148552,-0.664903,-0.39635,-0.633096,0.576269,-0.602392,0.785688,0.140776,0.427828,0.44162,0.474974,-0.761165,0.237335,0,0,0,1,0.00432115,-0.00630699,-0.00481299,-0.000140574,0.000201856,-0.0118523,-1.83334e-09,1.49734e-07,-7.73646e-09,-0.622667,0.685369,-0.377566,-0.0332803,0.730446,0.336082,-0.594558,-0.211268,-0.280598,-0.646002,-0.709891,0.662786,0,0,0,1,0.00506769,-0.00448982,-0.0053679,-0.00299824,0.00369468,0.0056377,-2.3141e-08,-3.93499e-08,-4.07687e-08
150126, 0.574369, 0.423497, 0.229151, -0.280233, 0.893233, 0.180608, 0.301638, -0.0330346, -0.213908, 0.654032, 0.424742, 0.820565, -0.381368, 0.0287341
# 150126,-0.660968,-0.39167,-0.640091,0.574369,-0.609583,0.7777,0.153593,0.423497,0.437641,0.491708,-0.75279,0.229151,0,0,0,1,0.00358711,-0.00603566,-0.00525625,-3.14081e-05,0.00021883,-0.0117831,2.85378e-10,1.56947e-07,-1.61839e-08,-0.637537,0.675141,-0.371122,-0.0330346,0.718974,0.348306,-0.601465,-0.213908,-0.276809,-0.650283,-0.707467,0.654032,0,0,0,1,0.00438717,-0.00428749,-0.00578474,-0.0029525,0.00370173,0.00568874,-3.24482e-08,-3.64713e-08,-4.66883e-08
151717, 0.570752, 0.41968, 0.220314, -0.28253, 0.891476, 0.183811, 0.302757, -0.0348231, -0.215784, 0.644786, 0.420033, 0.821358, -0.384936, 0.027725
# 151717,-0.65703,-0.392437,-0.643665,0.570752,-0.615037,0.772781,0.15665,0.41968,0.435937,0.498801,-0.749104,0.220314,0,0,0,1,0.00276007,-0.00562729,-0.00555851,3.27109e-06,0.000229466,-0.0117188,-2.42596e-09,1.51422e-07,-2.34098e-08,-0.645608,0.66865,-0.368916,-0.0348231,0.711339,0.350794,-0.609049,-0.215784,-0.277827,-0.655631,-0.702112,0.644786,0,0,0,1,0.00359754,-0.00397688,-0.00602878,-0.00292706,0.00372669,0.00567437,-4.08393e-08,-3.34117e-08,-4.99494e-08
153307, 0.562933, 0.418089, 0.21196, -0.284689, 0.889898, 0.187176, 0.303314, -0.0398089, -0.216844, 0.637392, 0.415599, 0.822339, -0.387737, 0.0263926
# 153307,-0.653905,-0.393142,-0.646411,0.562933,-0.620234,0.767835,0.160434,0.418089,0.433263,0.505835,-0.745931,0.21196,0,0,0,1,0.00161904,-0.0050295,-0.00581921,3.65322e-05,0.000249277,-0.0116578,-6.19592e-09,1.43005e-07,-3.24099e-08,-0.653163,0.663059,-0.365693,-0.0398089,0.703993,0.353876,-0.615765,-0.216844,-0.278878,-0.65964,-0.697927,0.637392,0,0,0,1,0.00258726,-0.00364894,-0.00616876,-0.00289633,0.00374683,0.00566483,-5.03434e-08,-2.81701e-08,-5.30808e-08
154918, 0.554192, 0.41693, 0.204751, -0.286743, 0.888443, 0.190458, 0.303602, -0.0463995, -0.217445, 0.629866, 0.409491, 0.824337, -0.389956, 0.0268314
# 154918,-0.651209,-0.393862,-0.64869,0.554192,-0.625156,0.763008,0.164312,0.41693,0.43024,0.512534,-0.743103,0.204751,0,0,0,1,0.000525579,-0.00441858,-0.00590193,6.66864e-05,0.000273094,-0.0115975,-1.02275e-08,1.33984e-07,-3.98759e-08,-0.663194,0.654191,-0.363603,-0.0463995,0.696044,0.360503,-0.620936,-0.217445,-0.275131,-0.664885,-0.694429,0.629866,0,0,0,1,0.00146807,-0.00320409,-0.00609072,-0.00287009,0.00374096,0.00567185,-6.04019e-08,-2.10641e-08,-5.41374e-08
156494, 0.542858, 0.417217, 0.19907, -0.288493, 0.887185, 0.193955, 0.303407, -0.0556262, -0.216516, 0.625426, 0.404265, 0.825998, -0.391919, 0.0264052
# 156494,-0.649432,-0.394198,-0.650266,0.542858,-0.629588,0.758307,0.169087,0.417217,0.426448,0.51921,-0.740651,0.19907,0,0,0,1,-0.000682582,-0.00373678,-0.00586405,9.73354e-05,0.000304368,-0.0115428,-1.49647e-08,1.23491e-07,-4.72396e-08,-0.671745,0.647146,-0.3605,-0.0556262,0.688541,0.365938,-0.626099,-0.216516,-0.273257,-0.668798,-0.691404,0.625426,0,0,0,1,0.000258829,-0.00271779,-0.00585192,-0.00283863,0.00374112,0.00567187,-7.10156e-08,-1.25753e-08,-5.40744e-08
158130, 0.532657, 0.416293, 0.198067, -0.291139, 0.886521, 0.195659, 0.301722, -0.06487, -0.220333, 0.620673, 0.399491, 0.827241, -0.394102, 0.0276092
# 158130,-0.648405,-0.398133,-0.648893,0.532657,-0.634271,0.753911,0.171226,0.416293,0.421037,0.522598,-0.741363,0.198067,0,0,0,1,-0.00157547,-0.00325971,-0.00544901,8.94682e-05,0.000336113,-0.0114747,-1.91453e-08,1.13158e-07,-4.50186e-08,-0.67929,0.639189,-0.360559,-0.06487,0.682712,0.370181,-0.629976,-0.220333,-0.269202,-0.674095,-0.687842,0.620673,0,0,0,1,-0.000712392,-0.00267353,-0.0056588,-0.00282581,0.00372946,0.00566063,-7.68563e-08,-4.74018e-09,-5.59218e-08
159715, 0.520457, 0.414945, 0.197355, -0.293382, 0.885384, 0.197957, 0.30139, -0.0757167, -0.225803, 0.616602, 0.395651, 0.828319, -0.395649, 0.0284676
# 159715,-0.646182,-0.400186,-0.649846,0.520457,-0.638835,0.74948,0.173691,0.414945,0.417538,0.527381,-0.739954,0.197355,0,0,0,1,-0.00244046,-0.00288604,-0.0050619,0.000102044,0.000359937,-0.0114188,-2.46145e-08,1.04779e-07,-4.75663e-08,-0.6853,0.632924,-0.360238,-0.0757167,0.677976,0.373844,-0.632921,-0.225803,-0.265917,-0.677974,-0.685303,0.616602,0,0,0,1,-0.00162195,-0.0027644,-0.00540799,-0.00280584,0.00371337,0.00564321,-8.11556e-08,3.47203e-09,-5.78003e-08
161309, 0.511682, 0.414507, 0.19706, -0.295436, 0.884168, 0.200654, 0.301169, -0.0833963, -0.229497, 0.615619, 0.394371, 0.828781, -0.395891, 0.0293926
# 161309,-0.64403,-0.401569,-0.651128,0.511682,-0.643292,0.74491,0.176872,0.414507,0.414006,0.532776,-0.738071,0.19706,0,0,0,1,-0.00285773,-0.00252896,-0.00467153,0.000120182,0.000384996,-0.011365,-2.71481e-08,9.83204e-08,-4.7306e-08,-0.687216,0.630421,-0.360976,-0.0833963,0.676967,0.375484,-0.633031,-0.229497,-0.263536,-0.679397,-0.684813,0.615619,0,0,0,1,-0.00216404,-0.00291173,-0.0052425,-0.00279393,0.00369267,0.00562327,-8.28319e-08,8.76348e-09,-5.92978e-08
162882, 0.501127, 0.415588, 0.198109, -0.297255, 0.883066, 0.203576, 0.30065, -0.0931899, -0.237321, 0.611484, 0.391651, 0.829207, -0.397579, 0.0309254
# 162882,-0.642497,-0.402581,-0.652016,0.501127,-0.647402,0.740392,0.180802,0.415588,0.40996,0.538282,-0.736332,0.198109,0,0,0,1,-0.00338118,-0.00206826,-0.00422948,0.000139854,0.00041427,-0.0113152,-2.98641e-08,9.04041e-08,-4.74638e-08,-0.691307,0.624928,-0.362711,-0.0931899,0.67411,0.377081,-0.635127,-0.237321,-0.260137,-0.683575,-0.681949,0.611484,0,0,0,1,-0.00275712,-0.00316489,-0.0049598,-0.0027807,0.00366785,0.00558603,-8.38312e-08,1.54365e-08,-6.07598e-08
164488, 0.490001, 0.415523, 0.199022, -0.298552, 0.882065, 0.207221, 0.299811, -0.103891, -0.243172, 0.608875, 0.390077, 0.829247, -0.398976, 0.0317438
# 164488,-0.64196,-0.402431,-0.652639,0.490001,-0.650939,0.735853,0.186546,0.415523,0.405174,0.544583,-0.734345,0.199022,0,0,0,1,-0.00393512,-0.00174785,-0.00386314,0.000167479,0.000452317,-0.0112687,-3.32473e-08,8.3883e-08,-4.81485e-08,-0.693665,0.62161,-0.36391,-0.103891,0.67227,0.377316,-0.636935,-0.243172,-0.258616,-0.686465,-0.67962,0.608875,0,0,0,1,-0.00339655,-0.00325363,-0.00467509,-0.00275998,0.0036463,0.00553572,-8.6357e-08,2.18543e-08,-6.13991e-08
166116, 0.475475, 0.419005, 0.19708, -0.304149, 0.881508, 0.204234, 0.297867, -0.11499, -0.241124, 0.60732, 0.383899, 0.830464, -0.402435, 0.0315731
# 166116,-0.637538,-0.414551,-0.649379,0.475475,-0.657889,0.731563,0.178876,0.419005,0.400908,0.54126,-0.739128,0.19708,0,0,0,1,-0.00460767,-0.00128607,-0.00362181,9.98449e-05,0.000459382,-0.0111951,-3.32817e-08,7.52379e-08,-5.63688e-08,-0.703249,0.612216,-0.36143,-0.11499,0.663041,0.381334,-0.644175,-0.241124,-0.256549,-0.692658,-0.674098,0.60732,0,0,0,1,-0.00387999,-0.00275034,-0.00431901,-0.00275464,0.00364257,0.0055318,-9.29864e-08,2.67774e-08,-5.6155e-08
167723, 0.463249, 0.422754, 0.197216, -0.304719, 0.880853, 0.208517, 0.29625, -0.124408, -0.236964, 0.606037, 0.381541, 0.830525, -0.404524, 0.0318694
# 167723,-0.638764,-0.41328,-0.648984,0.463249,-0.660372,0.727334,0.186799,0.422754,0.394828,0.547891,-0.737513,0.197216,0,0,0,1,-0.00524182,-0.000767489,-0.00332321,0.000132837,0.000511147,-0.0111584,-3.55718e-08,6.72768e-08,-5.84155e-08,-0.706822,0.607975,-0.361621,-0.124408,0.659543,0.381574,-0.647615,-0.236964,-0.255748,-0.696253,-0.67069,0.606037,0,0,0,1,-0.00437255,-0.00209038,-0.0040075,-0.00273596,0.00363519,0.00549131,-1.00057e-07,2.96564e-08,-5.15334e-08
169345, 0.45083, 0.427788, 0.197666, -0.304897, 0.880359, 0.212898, 0.294415, -0.134236, -0.230073, 0.607043, 0.378533, 0.830746, -0.406939, 0.0312333
# 169345,-0.640716,-0.411477,-0.648205,0.45083,-0.662198,0.723425,0.195321,0.427788,0.388558,0.554385,-0.735989,0.197666,0,0,0,1,-0.00582808,-0.000182359,-0.00298858,0.000166139,0.000566887,-0.0111258,-3.72254e-08,5.88473e-08,-6.00377e-08,-0.711474,0.60351,-0.359973,-0.134236,0.65435,0.382227,-0.652479,-0.230073,-0.256186,-0.69977,-0.666851,0.607043,0,0,0,1,-0.00484442,-0.00128111,-0.00351015,-0.00271024,0.00363961,0.00545859,-1.07674e-07,3.31588e-08,-4.45897e-08
170949, 0.439862, 0.436204, 0.199263, -0.304514, 0.879938, 0.217596, 0.292631, -0.142557, -0.221872, 0.609762, 0.375165, 0.831472, -0.408642, 0.030285
# 170949,-0.643277,-0.408557,-0.647516,0.439862,-0.663258,0.719846,0.204721,0.436204,0.382471,0.561163,-0.734039,0.199263,0,0,0,1,-0.0062215,0.000609858,-0.0025554,0.000204257,0.000624192,-0.0111007,-3.66562e-08,4.92046e-08,-6.01112e-08,-0.716669,0.599127,-0.356978,-0.142557,0.64863,0.384527,-0.656825,-0.221872,-0.256254,-0.702273,-0.66419,0.609762,0,0,0,1,-0.00515738,-0.000468061,-0.00288061,-0.00267622,0.00364076,0.00543569,-1.13862e-07,3.6639e-08,-3.60961e-08
172563, 0.429777, 0.444474, 0.202501, -0.303725, 0.879602, 0.222278, 0.290937, -0.151262, -0.213986, 0.615376, 0.371223, 0.832947, -0.409286, 0.0296394
# 172563,-0.646214,-0.404976,-0.646841,0.429777,-0.663651,0.716688,0.214302,0.444474,0.376796,0.567761,-0.731896,0.202501,0,0,0,1,-0.00646128,0.00132179,-0.00200412,0.000242824,0.000680939,-0.0110812,-3.59885e-08,4.0216e-08,-5.83051e-08,-0.722631,0.594155,-0.353248,-0.151262,0.642679,0.389358,-0.659821,-0.213986,-0.254496,-0.703832,-0.663213,0.615376,0,0,0,1,-0.00543491,0.000236299,-0.00206807,-0.00263561,0.00362966,0.00542265,-1.18389e-07,4.16192e-08,-2.68167e-08
