8714.88, -0.161198, -0.285015, 0.73643, 0.804401, 0.587072, -0.00708533, -0.0907456, 0.00760045, 0.603419, 0.677077, -0.0324337, 0.977013, 0.172915, 0.120392
# 8714.88,0.310592,0.945769,0.0951496,-0.161198,0.943197,-0.294223,-0.154311,-0.285015,-0.117947,0.137673,-0.98343,0.73643,0,0,0,1,0.000459709,-0.00240926,-0.000452023,9.42607e-08,-3.31476e-07,-3.12818e-07,1.08629e-11,3.78356e-12,-1.2207e-12,-0.968908,-0.0217413,-0.246465,0.00760045,-0.105011,0.938097,0.33007,0.603419,0.224032,0.345689,-0.911213,0.677077,0,0,0,1,-0.00564839,0.00665137,0.00325524,-1.93865e-08,-8.76792e-08,-1.77209e-07,3.76614e-12,2.58924e-12,6.72637e-13
9896.87, -0.160683, -0.287823, 0.735905, 0.804174, 0.587448, -0.00755541, -0.0902884, 0.00100884, 0.611224, 0.680869, -0.0385157, 0.97665, 0.173665, 0.120463
# 9896.87,0.309695,0.946185,0.0939278,-0.160683,0.943457,-0.293506,-0.154092,-0.287823,-0.118231,0.136338,-0.983582,0.735905,0,0,0,1,0.000456801,-0.0024071,-0.000449972,3.05733e-07,-1.06031e-07,-2.19908e-07,-4.73487e-12,2.6868e-11,9.26246e-12,-0.968011,-0.0333926,-0.248677,0.00100884,-0.117073,0.936714,0.32994,0.611224,0.221922,0.348499,-0.910659,0.680869,0,0,0,1,-0.00565328,0.0066513,0.00323975,-1.29046e-07,1.4407e-07,-1.06216e-06,5.88457e-11,4.19006e-11,-1.27918e-12
11051.9, -0.160201, -0.290507, 0.735383, 0.803997, 0.587756, -0.00798622, -0.0898244, -0.00543374, 0.618936, 0.684549, -0.0446801, 0.976239, 0.174427, 0.120565
# 11051.9,0.308959,0.946542,0.0927477,-0.160201,0.943673,-0.29295,-0.153825,-0.290507,-0.118431,0.135049,-0.983736,0.735383,0,0,0,1,0.000450731,-0.00239543,-0.000448833,6.83667e-07,5.66779e-07,1.33824e-07,-8.75471e-11,1.00341e-10,2.81901e-11,-0.966936,-0.0451774,-0.250987,-0.00543374,-0.129296,0.935158,0.329792,0.618936,0.219813,0.351339,-0.910079,0.684549,0,0,0,1,-0.00563794,0.00663905,0.00321218,-1.41211e-07,9.51755e-07,-3.13455e-06,2.89925e-10,2.1539e-10,-2.06224e-11
12233.9, -0.1596, -0.293097, 0.734912, 0.803819, 0.588064, -0.00850278, -0.0893508, -0.0117022, 0.626473, 0.68812, -0.0508052, 0.975796, 0.175188, 0.120623
# 12233.9,0.308217,0.946913,0.0914186,-0.1596,0.943874,-0.292395,-0.153644,-0.293097,-0.118757,0.133643,-0.983888,0.734912,0,0,0,1,0.000459236,-0.00236579,-0.000439948,-1.08978e-06,1.58384e-06,1.61546e-06,-3.50218e-10,9.5679e-11,1.24256e-10,-0.965738,-0.0568875,-0.253208,-0.0117022,-0.141414,0.933456,0.329639,0.626473,0.217606,0.354152,-0.909519,0.68812,0,0,0,1,-0.00559946,0.00660434,0.00317312,-2.23498e-07,1.71581e-06,-6.10813e-06,7.23179e-10,6.17196e-10,-2.0081e-11
13450.2, -0.172797, -0.297734, 0.74332, 0.795633, 0.600252, -0.0013236, -0.0816309, -0.0286589, 0.631064, 0.702754, -0.0571924, 0.975295, 0.175973, 0.120674
# 13450.2,0.279392,0.955377,0.095892,-0.172797,0.954945,-0.266068,-0.131486,-0.297734,-0.100104,0.128308,-0.986669,0.74332,0,0,0,1,-0.00134176,-0.00259802,0.000722414,-3.01113e-05,-0.000635099,0.000759831,7.78613e-09,1.31135e-08,1.15143e-08,-0.964334,-0.0690883,-0.255514,-0.0286589,-0.15403,0.931525,0.329447,0.631064,0.215257,0.357054,-0.908943,0.702754,0,0,0,1,-0.0069489,0.00615424,0.00457233,-8.26318e-07,2.53413e-06,-1.0235e-05,-1.38317e-08,-3.21382e-10,9.82e-09
14706.4, -0.174264, -0.300096, 0.743953, 0.79506, 0.601114, -0.00152974, -0.0808658, -0.035325, 0.637164, 0.70728, -0.0635849, 0.974736, 0.176777, 0.120816
# 14706.4,0.27732,0.956091,0.0947867,-0.174264,0.955596,-0.264246,-0.130426,-0.300096,-0.0996516,0.126747,-0.986917,0.743953,0,0,0,1,-0.00131016,-0.00247865,0.000683024,-2.9032e-05,-0.000633716,0.000766861,6.64984e-09,1.32077e-08,1.1335e-08,-0.962721,-0.081242,-0.258008,-0.035325,-0.166672,0.929414,0.329258,0.637164,0.213046,0.359986,-0.908307,0.70728,0,0,0,1,-0.00671136,0.00596063,0.00441191,-4.53518e-08,1.82345e-06,-1.39712e-05,-1.15392e-08,1.89231e-09,9.76298e-09
15958.3, -0.175315, -0.302081, 0.744581, 0.794459, 0.602012, -0.00177636, -0.080088, -0.0403641, 0.642002, 0.710722, -0.0699634, 0.974137, 0.177606, 0.120906
# 15958.3,0.275158,0.956831,0.0936053,-0.175315,0.956262,-0.262336,-0.129392,-0.302081,-0.0992503,0.125114,-0.987166,0.744581,0,0,0,1,-0.00123079,-0.0023353,0.000650836,-3.01204e-05,-0.0006334,0.000777566,5.15629e-09,1.29402e-08,1.12017e-08,-0.960974,-0.0933606,-0.26041,-0.0403641,-0.179255,0.927122,0.329107,0.642002,0.210706,0.362943,-0.907676,0.710722,0,0,0,1,-0.00630063,0.00563442,0.00413886,1.83097e-06,1.3054e-06,-1.92457e-05,-7.62083e-09,5.71214e-09,9.53886e-09
17289.2, -0.17689, -0.304305, 0.74496, 0.793817, 0.602974, -0.0019269, -0.0792082, -0.0430913, 0.644931, 0.712698, -0.076692, 0.973451, 0.178493, 0.121044
# 17289.2,0.272837,0.957607,0.0924618,-0.17689,0.956996,-0.260297,-0.128077,-0.304305,-0.0985802,0.12343,-0.987445,0.74496,0,0,0,1,-0.00121681,-0.00223136,0.000590938,-3.05356e-05,-0.000636608,0.000782697,4.14079e-09,1.31645e-08,1.08206e-08,-0.958934,-0.106101,-0.263039,-0.0430913,-0.192523,0.924517,0.328943,0.644931,0.208283,0.366075,-0.906977,0.712698,0,0,0,1,-0.00565766,0.00511306,0.00372293,4.79471e-06,8.70572e-07,-2.57838e-05,-1.5512e-09,1.18518e-08,9.20707e-09
18723.6, -0.209201, -0.315457, 0.765737, 0.786415, 0.613442, 0.00436428, -0.0722576, -0.0664929, 0.641558, 0.738426, -0.0838983, 0.972696, 0.179301, 0.121143
# 18723.6,0.24734,0.964209,0.0955159,-0.209201,0.965471,-0.236936,-0.108294,-0.315457,-0.0817873,0.119003,-0.98952,0.765737,0,0,0,1,-0.00465426,-0.00304582,0.00281335,-5.96397e-05,-0.00142737,0.00169137,2.35275e-08,3.89555e-08,3.39377e-08,-0.956571,-0.119773,-0.265757,-0.0664929,-0.206657,0.921624,0.328483,0.641558,0.205584,0.369138,-0.906351,0.738426,0,0,0,1,-0.00745451,0.00389152,0.00602561,-2.46816e-06,7.67963e-06,-4.65048e-05,-2.38309e-08,1.40643e-08,2.89383e-08
20033.6, -0.213706, -0.31717, 0.767313, 0.78478, 0.615692, 0.00483485, -0.0708497, -0.064966, 0.638731, 0.737852, -0.090778, 0.971861, 0.180306, 0.121391
# 20033.6,0.2418,0.965681,0.0948318,-0.213706,0.967051,-0.231808,-0.105249,-0.31717,-0.0796546,0.117157,-0.989914,0.767313,0,0,0,1,-0.00445769,-0.00279065,0.00257453,-5.516e-05,-0.00146242,0.00176043,2.03417e-08,3.81958e-08,3.20166e-08,-0.954047,-0.132672,-0.268686,-0.064966,-0.220222,0.918498,0.328426,0.638731,0.203215,0.372504,-0.905508,0.737852,0,0,0,1,-0.00628555,0.00307638,0.00513533,8.3605e-06,-5.8942e-07,-4.59601e-05,-1.23576e-08,2.48371e-08,2.66228e-08
21285.2, -0.241101, -0.327035, 0.787226, 0.778766, 0.623825, 0.00988192, -0.0653257, -0.0765665, 0.630423, 0.75647, -0.0968599, 0.971148, 0.180994, 0.121373
# 21285.2,0.221489,0.970337,0.096895,-0.241101,0.972919,-0.213149,-0.0894177,-0.327035,-0.0661122,0.114076,-0.99127,0.787226,0,0,0,1,-0.00677093,-0.00334784,0.00433755,-7.15273e-05,-0.00208387,0.00245279,3.32769e-08,5.58784e-08,5.07837e-08,-0.951774,-0.144195,-0.270804,-0.0765665,-0.232066,0.915718,0.328033,0.630423,0.200679,0.375057,-0.90502,0.75647,0,0,0,1,-0.00683862,0.00178866,0.0065128,9.87594e-07,6.45725e-06,-6.92228e-05,-2.19393e-08,3.11844e-08,4.16637e-08
22654.5, -0.24306, -0.321614, 0.786665, 0.775588, 0.628001, 0.0111693, -0.0628825, -0.0702426, 0.623403, 0.753295, -0.104085, 0.97015, 0.1822, 0.121564
# 22654.5,0.210981,0.972735,0.096306,-0.24306,0.975544,-0.203322,-0.0835131,-0.321614,-0.061655,0.11157,-0.991842,0.786665,0,0,0,1,-0.00601678,-0.00236238,0.00368523,-7.74362e-05,-0.00218188,0.002649,2.10542e-08,5.25839e-08,4.54133e-08,-0.948777,-0.157659,-0.273798,-0.0702426,-0.246254,0.911939,0.328218,0.623403,0.197941,0.37883,-0.904051,0.753295,0,0,0,1,-0.00534973,0.000897057,0.00534487,2.14166e-05,-9.51347e-06,-6.26978e-05,-7.09251e-09,4.41066e-08,3.78461e-08
24061.9, -0.239023, -0.311624, 0.782872, 0.771973, 0.632695, 0.012501, -0.0599866, -0.0596926, 0.614246, 0.746342, -0.11139, 0.969063, 0.183467, 0.121855
# 24061.9,0.199081,0.975347,0.0952074,-0.239023,0.978347,-0.192197,-0.0767974,-0.311624,-0.0566055,0.108435,-0.992491,0.782872,0,0,0,1,-0.00481271,-0.00111679,0.00283235,-0.000102252,-0.00227805,0.00287695,4.86623e-09,4.59593e-08,3.78172e-08,-0.945488,-0.171175,-0.277043,-0.0596926,-0.2606,0.907864,0.328435,0.614246,0.195297,0.382729,-0.902983,0.746342,0,0,0,1,-0.00369439,-3.65169e-05,0.00400495,4.42918e-05,-2.5239e-05,-5.76268e-05,9.52099e-09,5.83467e-08,3.29807e-08
25397.3, -0.252534, -0.325431, 0.797041, 0.76557, 0.640864, 0.0177967, -0.0536519, -0.0507856, 0.618868, 0.756256, -0.118274, 0.968129, 0.184082, 0.121863
# 25397.3,0.177953,0.979343,0.0960165,-0.252534,0.983163,-0.17283,-0.059338,-0.325431,-0.0415178,0.104959,-0.99361,0.797041,0,0,0,1,-0.00552636,-0.00214236,0.00391211,-0.00014446,-0.00285039,0.00345722,1.68145e-08,4.86419e-08,4.78558e-08,-0.942322,-0.184144,-0.279502,-0.0507856,-0.273875,0.90425,0.327604,0.618868,0.192414,0.385257,-0.902527,0.756256,0,0,0,1,-0.00261378,0.000291199,0.00463137,2.45495e-05,-1.73387e-05,-6.03101e-05,1.89028e-08,5.39044e-08,4.01329e-08
26769.3, -0.258342, -0.337427, 0.804335, 0.759231, 0.648693, 0.0231014, -0.047255, -0.0340665, 0.625527, 0.7583, -0.125401, 0.967037, 0.184972, 0.122065
# 26769.3,0.157329,0.982831,0.0963865,-0.258342,0.987198,-0.15393,-0.0417834,-0.337427,-0.0262293,0.101726,-0.994467,0.804335,0,0,0,1,-0.00538547,-0.00289615,0.00422533,-0.000185841,-0.00335859,0.00394462,2.30006e-08,4.52158e-08,5.01601e-08,-0.93875,-0.197378,-0.282473,-0.0340665,-0.287692,0.90012,0.327135,0.625527,0.189691,0.388363,-0.901771,0.7583,0,0,0,1,-0.000941399,0.00079774,0.00445963,2.37151e-05,-2.09982e-05,-5.39211e-05,3.57853e-08,5.1312e-08,4.10204e-08
28060.5, -0.249129, -0.325065, 0.800628, 0.753513, 0.65555, 0.0259715, -0.0424038, -0.0184022, 0.614601, 0.746881, -0.131484, 0.965947, 0.186096, 0.122581
# 28060.5,0.13916,0.985728,0.0947355,-0.249129,0.990133,-0.136913,-0.0298524,-0.325065,-0.0164559,0.097955,-0.995055,0.800628,0,0,0,1,-0.00398263,-0.00145869,0.00341561,-0.000237058,-0.00359074,0.00434272,4.35059e-09,3.68977e-08,4.26927e-08,-0.935372,-0.208389,-0.28575,-0.0184022,-0.299636,0.896161,0.327283,0.614601,0.187876,0.391752,-0.900685,0.746881,0,0,0,1,0.000455275,-0.000233085,0.003026,4.5172e-05,-4.1838e-05,-9.58596e-05,4.97073e-08,6.71054e-08,3.49197e-08
29497.5, -0.23794, -0.310288, 0.793343, 0.747505, 0.662588, 0.0289495, -0.0370903, 0.000643432, 0.600444, 0.732796, -0.13821, 0.964709, 0.18731, 0.123086
# 29497.5,0.120278,0.988428,0.092431,-0.23794,0.992723,-0.119203,-0.0170872,-0.310288,-0.00587147,0.0938136,-0.995573,0.793343,0,0,0,1,-0.00252324,2.38556e-05,0.00236285,-0.0002991,-0.00381453,0.00470092,-1.49081e-08,2.80029e-08,3.25465e-08,-0.931496,-0.220554,-0.28926,0.000643432,-0.312775,0.891626,0.327376,0.600444,0.185707,0.395423,-0.89953,0.732796,0,0,0,1,0.00194945,-0.0013844,0.00150112,6.48626e-05,-6.20952e-05,-0.000138918,6.43667e-08,8.46416e-08,2.85843e-08
30907.5, -0.225985, -0.298005, 0.784714, 0.741837, 0.669071, 0.0317071, -0.0318827, 0.0235174, 0.582436, 0.714472, -0.146884, 0.963025, 0.188825, 0.123911
# 30907.5,0.102677,0.990662,0.0897065,-0.225985,0.994705,-0.102655,-0.00487485,-0.298005,0.00437947,0.0897321,-0.995957,0.784714,0,0,0,1,-0.00119904,0.00109938,0.00134273,-0.000363983,-0.0040001,0.0049913,-2.96465e-08,1.89773e-08,2.21188e-08,-0.926143,-0.23611,-0.294129,0.0235174,-0.3297,0.88554,0.327286,0.582436,0.183187,0.400088,-0.897982,0.714472,0,0,0,1,0.00348406,-0.00259436,-0.000184328,8.83174e-05,-8.251e-05,-0.00018202,7.94256e-08,1.03598e-07,2.1063e-08
32313.9, -0.211414, -0.330284, 0.782488, 0.738572, 0.672653, 0.0360205, -0.0274387, 0.0713018, 0.619178, 0.695216, -0.156987, 0.960956, 0.191341, 0.123722
# 32313.9,0.0924814,0.991628,0.0901209,-0.211414,0.995581,-0.0935708,0.00792768,-0.330284,0.016294,0.0889895,-0.995899,0.782488,0,0,0,1,0.000635306,-0.00183573,0.000969588,-0.000347376,-0.00420343,0.00495963,-5.81993e-09,-5.12188e-09,1.32248e-08,-0.920096,-0.254368,-0.29786,0.0713018,-0.349061,0.877488,0.328894,0.619178,0.177708,0.406585,-0.896163,0.695216,0,0,0,1,0.00733014,0.000976812,-0.00169187,0.000165904,-0.000103757,6.63758e-05,1.26065e-07,8.27981e-08,5.493e-09
33681.3, -0.18171, -0.351275, 0.768286, 0.739665, 0.671494, 0.0368395, -0.0251988, 0.112545, 0.651127, 0.669457, -0.166568, 0.958776, 0.19359, 0.124603
# 33681.3,0.0954777,0.991504,0.0883395,-0.18171,0.995217,-0.0969222,0.0121977,-0.351275,0.0206561,0.0867524,-0.996016,0.768286,0,0,0,1,0.00372521,-0.00361931,-0.000552909,-0.000381538,-0.00409451,0.00452647,3.47306e-09,-3.71861e-08,-6.90846e-09,-0.913459,-0.271159,-0.303425,0.112545,-0.367647,0.869556,0.32971,0.651127,0.174442,0.41273,-0.893994,0.669457,0,0,0,1,0.0104807,0.00402819,-0.0038535,0.000225651,-0.000177998,0.000211718,1.67197e-07,6.9187e-08,-1.58381e-08
35177.8, -0.165873, -0.341635, 0.759348, 0.735775, 0.675792, 0.0392112, -0.0200453, 0.135892, 0.639608, 0.650535, -0.171987, 0.957662, 0.193871, 0.125372
# 35177.8,0.0835341,0.992891,0.0847942,-0.165873,0.996035,-0.0858057,0.0234997,-0.341635,0.0306085,0.0824949,-0.996122,0.759348,0,0,0,1,0.0045283,-0.00231351,-0.00118601,-0.000455503,-0.00422502,0.00462961,-1.12566e-08,-4.16548e-08,-1.30247e-08,-0.909405,-0.280799,-0.306815,0.135892,-0.378023,0.865669,0.328201,0.639608,0.173442,0.414451,-0.893392,0.650535,0,0,0,1,0.0110183,0.00257721,-0.00480485,0.000188177,-0.000192756,5.74108e-05,1.70308e-07,8.58027e-08,-1.86841e-08
36591.9, -0.151129, -0.329863, 0.74928, 0.732893, 0.678928, 0.0411993, -0.0150448, 0.153895, 0.626128, 0.633712, -0.176965, 0.956588, 0.194139, 0.126227
# 36591.9,0.0747176,0.993924,0.080818,-0.151129,0.996404,-0.0776599,0.0338903,-0.329863,0.0399607,0.0779951,-0.996153,0.74928,0,0,0,1,0.00516026,-0.00101334,-0.00183948,-0.000539379,-0.00432298,0.00466457,-2.56908e-08,-4.4718e-08,-1.93471e-08,-0.9055,-0.289554,-0.310207,0.153895,-0.387577,0.861987,0.326746,0.626128,0.172784,0.416098,-0.892754,0.633712,0,0,0,1,0.0111499,0.0011457,-0.00553397,0.000157535,-0.000210415,-8.24831e-05,1.69088e-07,1.0083e-07,-2.05862e-08
38005, -0.105343, -0.349728, 0.724242, 0.740456, 0.670803, 0.037895, -0.0176696, 0.193638, 0.667223, 0.599715, -0.187973, 0.953566, 0.198254, 0.126778
# 38005,0.0971759,0.992061,0.0798248,-0.105343,0.994739,-0.0994237,0.0246731,-0.349728,0.0324137,0.0770073,-0.996504,0.724242,0,0,0,1,0.00951327,-0.00300499,-0.00430146,-0.000516787,-0.00381269,0.00374595,-1.64945e-08,-8.76394e-08,-4.95517e-08,-0.897187,-0.308221,-0.316315,0.193638,-0.408758,0.850723,0.330435,0.667223,0.16725,0.425758,-0.889246,0.599715,0,0,0,1,0.0141215,0.00537933,-0.00830944,0.000306259,-0.000274955,0.000138563,2.13981e-07,8.1882e-08,-5.11676e-08
39374.9, -0.0889738, -0.335645, 0.717709, 0.739603, 0.671812, 0.0379313, -0.0147448, 0.210779, 0.656745, 0.58236, -0.192833, 0.952471, 0.198166, 0.127843
# 39374.9,0.094459,0.99263,0.0759197,-0.0889738,0.994867,-0.0969019,0.0291548,-0.335645,0.0362966,0.072776,-0.996688,0.717709,0,0,0,1,0.00975456,-0.00144741,-0.00436047,-0.000576794,-0.00375834,0.00365622,-3.28992e-08,-8.75173e-08,-4.974e-08,-0.892943,-0.316668,-0.319959,0.210779,-0.418004,0.847091,0.328191,0.656745,0.167107,0.4268,-0.888773,0.58236,0,0,0,1,0.0138848,0.00382291,-0.00869915,0.000255308,-0.000300969,3.61028e-06,2.07801e-07,9.56921e-08,-5.05735e-08
40577, -0.0494604, -0.349299, 0.692454, 0.753894, 0.655977, 0.0275991, -0.0240147, 0.245882, 0.687606, 0.543491, -0.200639, 0.950088, 0.202007, 0.127552
# 40577,0.137865,0.987748,0.0731198,-0.0494604,0.9904,-0.138235,-2.26202e-07,-0.349299,0.0101075,0.0724179,-0.997323,0.692454,0,0,0,1,0.0121735,-0.0025502,-0.00612183,-0.000543449,-0.00278172,0.00235541,-3.38673e-08,-1.10055e-07,-7.01556e-08,-0.886949,-0.329717,-0.323433,0.245882,-0.432783,0.837874,0.332665,0.687606,0.161311,0.435034,-0.885847,0.543491,0,0,0,1,0.015445,0.00611969,-0.0109566,0.00039274,-0.000301014,0.000106903,2.33033e-07,8.83099e-08,-7.49502e-08
41856.9, -0.0239372, -0.352624, 0.683909, 0.761053, 0.647585, 0.0251218, -0.0283227, 0.268103, 0.701985, 0.523542, -0.206888, 0.94834, 0.204163, 0.127146
# 41856.9,0.160006,0.984269,0.0749208,-0.0239372,0.987115,-0.159664,-0.0105732,-0.352624,0.00155532,0.0756472,-0.997134,0.683909,0,0,0,1,0.0137367,-0.00275543,-0.00651166,-0.000426669,-0.00239585,0.00164819,-3.75677e-08,-1.2472e-07,-7.63082e-08,-0.882062,-0.340484,-0.325634,0.268103,-0.444318,0.831029,0.334622,0.701985,0.156678,0.439842,-0.884303,0.523542,0,0,0,1,0.0162236,0.00716344,-0.0117044,0.000446671,-0.000275885,0.000104333,2.45009e-07,8.47448e-08,-8.33413e-08
43117.8, -0.0149047, -0.341928, 0.681062, 0.763975, 0.644209, 0.022646, -0.0287164, 0.278375, 0.693867, 0.512072, -0.211831, 0.947065, 0.204332, 0.128237
# 43117.8,0.168965,0.983018,0.0716008,-0.0149047,0.985619,-0.168342,-0.0146997,-0.341928,-0.00239668,0.0730548,-0.997325,0.681062,0,0,0,1,0.0132788,-0.00146765,-0.00620352,-0.000457264,-0.00219085,0.00134591,-5.17321e-08,-1.18874e-07,-7.26178e-08,-0.877366,-0.34883,-0.329465,0.278375,-0.453642,0.826752,0.332702,0.693867,0.156329,0.441361,-0.883608,0.512072,0,0,0,1,0.0154265,0.00560304,-0.0114367,0.00040912,-0.000311392,1.60424e-05,2.31874e-07,9.465e-08,-7.8218e-08
44510.4, -0.00521078, -0.327993, 0.677127, 0.767035, 0.640635, 0.0200123, -0.0290305, 0.285232, 0.681964, 0.503033, -0.217543, 0.94554, 0.204674, 0.129373
# 44510.4,0.178372,0.981618,0.0678961,-0.00521078,0.983942,-0.177487,-0.0188937,-0.327993,-0.00649571,0.0701759,-0.997514,0.677127,0,0,0,1,0.0126498,4.05407e-05,-0.00589168,-0.00048633,-0.00198285,0.00103722,-6.79067e-08,-1.11005e-07,-6.87803e-08,-0.871876,-0.358433,-0.333705,0.285232,-0.46435,0.821568,0.330766,0.681964,0.155604,0.443343,-0.882743,0.503033,0,0,0,1,0.0142663,0.00377341,-0.0108999,0.000376217,-0.000349131,-5.52438e-05,2.13777e-07,1.04883e-07,-7.08463e-08
45840.1, 0.00113986, -0.310488, 0.674195, 0.769917, 0.637237, 0.0171589, -0.0293757, 0.289389, 0.665068, 0.495893, -0.223281, 0.943943, 0.205155, 0.130496
# 45840.1,0.18727,0.98023,0.0638604,0.00113986,0.982247,-0.186134,-0.0233651,-0.310488,-0.0110166,0.0671022,-0.997685,0.674195,0,0,0,1,0.011837,0.00166991,-0.00555512,-0.000519849,-0.00178195,0.000762774,-8.47819e-08,-1.01119e-07,-6.44249e-08,-0.866233,-0.367985,-0.337976,0.289389,-0.475073,0.816114,0.329034,0.665068,0.154748,0.445584,-0.881765,0.495893,0,0,0,1,0.0130314,0.0017551,-0.0103048,0.000352879,-0.000383259,-0.000112563,1.94049e-07,1.16216e-07,-6.25902e-08
47392.2, 0.0087275, -0.282248, 0.670577, 0.774691, 0.631604, 0.0118067, -0.0281151, 0.289253, 0.642207, 0.490821, -0.229894, 0.942076, 0.206015, 0.13115
# 47392.2,0.201874,0.977932,0.0538082,0.0087275,0.97926,-0.200572,-0.0286468,-0.282248,-0.0172222,0.0584753,-0.99814,0.670577,0,0,0,1,0.0107904,0.00339689,-0.00519368,-0.000644048,-0.00154964,0.000381832,-8.66152e-08,-8.62921e-08,-5.79568e-08,-0.859897,-0.379118,-0.341829,0.289253,-0.487193,0.809413,0.327861,0.642207,0.152383,0.448464,-0.880716,0.490821,0,0,0,1,0.0119341,-0.000311106,-0.00978352,0.000341191,-0.000390235,-0.000168543,1.75492e-07,1.29205e-07,-5.44197e-08
48710.5, 0.0173949, -0.308147, 0.664872, 0.781591, 0.622851, 0.00717884, -0.0334799, 0.289023, 0.68619, 0.480713, -0.232838, 0.940968, 0.208412, 0.130116
# 48710.5,0.22401,0.973149,0.0529278,0.0173949,0.97411,-0.221871,-0.0433924,-0.308147,-0.0304841,0.0612778,-0.997655,0.664872,0,0,0,1,0.0109354,0.000686911,-0.00556795,-0.000558813,-0.00113901,-0.000169782,-6.24828e-08,-9.05944e-08,-6.19507e-08,-0.857713,-0.383951,-0.341922,0.289023,-0.492422,0.804702,0.331626,0.68619,0.147817,0.452809,-0.879269,0.480713,0,0,0,1,0.0112478,0.00379862,-0.0101095,0.000411093,-0.000306554,-0.000310394,1.86258e-07,9.36408e-08,-7.30249e-08
49963.6, 0.0201822, -0.293639, 0.664291, 0.786226, 0.616899, 0.00362878, -0.0356391, 0.279789, 0.676982, 0.485414, -0.239413, 0.938764, 0.210225, 0.131182
# 49963.6,0.238844,0.969786,0.0496775,0.0201822,0.970304,-0.23633,-0.0515636,-0.293639,-0.0382654,0.060518,-0.997434,0.664291,0,0,0,1,0.0101998,0.00185677,-0.00516286,-0.00055223,-0.000894963,-0.00052837,-7.42423e-08,-8.11185e-08,-5.66909e-08,-0.850945,-0.39435,-0.34696,0.279789,-0.504661,0.796974,0.331889,0.676982,0.145638,0.457517,-0.877194,0.485414,0,0,0,1,0.00955125,0.00258777,-0.00888646,0.000443249,-0.000352235,-0.000295167,1.64144e-07,9.41311e-08,-6.28964e-08
51174.5, 0.0255074, -0.304687, 0.655963, 0.79318, 0.607583, -0.00151639, -0.0413046, 0.27932, 0.694739, 0.47657, -0.241588, 0.938313, 0.21046, 0.130038
# 51174.5,0.261681,0.963971,0.0477864,0.0255074,0.96372,-0.258273,-0.0673666,-0.304687,-0.0525975,0.0636813,-0.996583,0.655963,0,0,0,1,0.010167,0.000618041,-0.00575095,-0.000480875,-0.000500749,-0.00104651,-6.41829e-08,-8.14245e-08,-6.23529e-08,-0.849451,-0.398635,-0.345723,0.27932,-0.508106,0.794684,0.332123,0.694739,0.142344,0.457786,-0.877593,0.47657,0,0,0,1,0.00896536,0.00423615,-0.00919087,0.000419957,-0.000270473,-0.000451854,1.66524e-07,7.9597e-08,-7.32237e-08
52536.1, 0.0234596, -0.296593, 0.652747, 0.798728, 0.600131, -0.00554372, -0.0429524, 0.277143, 0.681875, 0.476542, -0.249326, 0.935646, 0.212748, 0.130923
# 52536.1,0.279623,0.95916,0.0426983,0.0234596,0.958208,-0.275995,-0.0752684,-0.296593,-0.06041,0.0619606,-0.996249,0.652747,0,0,0,1,0.00908585,0.00129183,-0.00547558,-0.000502835,-0.000282107,-0.00143387,-7.03487e-08,-6.93744e-08,-5.82227e-08,-0.841391,-0.410855,-0.351083,0.277143,-0.52227,0.785149,0.332829,0.681875,0.138908,0.463399,-0.875195,0.476542,0,0,0,1,0.00794221,0.00271998,-0.00830773,0.000463769,-0.000314053,-0.000400052,1.49611e-07,8.58044e-08,-6.33459e-08
53727.8, 0.0171428, -0.288604, 0.652464, 0.804296, 0.592546, -0.0110153, -0.0433015, 0.273431, 0.663326, 0.477985, -0.261551, 0.931217, 0.217179, 0.131377
# 53727.8,0.297535,0.95412,0.0335971,0.0171428,0.952212,-0.294028,-0.0827087,-0.288604,-0.0690355,0.0566003,-0.996007,0.652464,0,0,0,1,0.00803875,0.00228699,-0.00515262,-0.000581862,-7.20118e-05,-0.0018099,-7.24167e-08,-6.03113e-08,-5.51035e-08,-0.828662,-0.430057,-0.358288,0.273431,-0.544187,0.768848,0.335758,0.663326,0.131074,0.473205,-0.871147,0.477985,0,0,0,1,0.00692739,0.000985073,-0.00747913,0.000577867,-0.000380172,-0.000124072,1.31234e-07,9.49065e-08,-5.30446e-08
54872.7, 0.010045, -0.279725, 0.653849, 0.808404, 0.586738, -0.0150896, -0.0446505, 0.270005, 0.643101, 0.478872, -0.268067, 0.92875, 0.219439, 0.131947
# 54872.7,0.311022,0.94999,0.0279994,0.010045,0.947295,-0.30749,-0.0898986,-0.279725,-0.0767932,0.0544841,-0.995557,0.653849,0,0,0,1,0.00682639,0.00290719,-0.0046659,-0.000615258,0.000112637,-0.00207523,-7.63371e-08,-4.70873e-08,-4.85835e-08,-0.82146,-0.440027,-0.36274,0.270005,-0.555844,0.759973,0.336866,0.643101,0.127442,0.478348,-0.868874,0.478872,0,0,0,1,0.00604541,-0.00079126,-0.00678066,0.000623289,-0.000405862,-8.42773e-05,1.14479e-07,1.03891e-07,-4.36444e-08
56114.6, 0.00345458, -0.267163, 0.654646, 0.811771, 0.581904, -0.0192442, -0.0452223, 0.267591, 0.621133, 0.478788, -0.274838, 0.92615, 0.221879, 0.132212
# 56114.6,0.322034,0.946487,0.0213864,0.00345458,0.943006,-0.318685,-0.0958168,-0.267163,-0.0838738,0.0510237,-0.995169,0.654646,0,0,0,1,0.00567495,0.003723,-0.00423122,-0.000668324,0.000268325,-0.00227304,-8.19646e-08,-3.41133e-08,-4.25944e-08,-0.813968,-0.450413,-0.366858,0.267591,-0.567753,0.750468,0.338312,0.621133,0.122935,0.48366,-0.86658,0.478788,0,0,0,1,0.00523174,-0.00255037,-0.00614272,0.000669178,-0.000419598,-5.53547e-05,9.83112e-08,1.12893e-07,-3.46897e-08
57526.3, -0.00410286, -0.253594, 0.655489, 0.814505, 0.577924, -0.0233881, -0.0451526, 0.26644, 0.59643, 0.477359, -0.282127, 0.923304, 0.224413, 0.132488
# 57526.3,0.330914,0.943556,0.01409,-0.00410286,0.939332,-0.32793,-0.100587,-0.253594,-0.090289,0.0465209,-0.994829,0.655489,0,0,0,1,0.00442946,0.00445183,-0.00375176,-0.000728907,0.000396451,-0.00241359,-8.62351e-08,-2.05028e-08,-3.62082e-08,-0.805702,-0.461515,-0.371279,0.26644,-0.580443,0.740086,0.339646,0.59643,0.118027,0.48916,-0.864172,0.477359,0,0,0,1,0.00452219,-0.0043,-0.00559443,0.000712254,-0.000430703,-3.60942e-05,8.30866e-08,1.22279e-07,-2.62758e-08
58855.3, -0.0124614, -0.239608, 0.656983, 0.816499, 0.574988, -0.0275134, -0.0442832, 0.26251, 0.573342, 0.477717, -0.288363, 0.920747, 0.226618, 0.1331
# 58855.3,0.337263,0.941392,0.00599531,-0.0124614,0.936518,-0.334855,-0.103954,-0.239608,-0.095854,0.0406746,-0.994564,0.656983,0,0,0,1,0.0032807,0.00514223,-0.00331462,-0.000811427,0.000495508,-0.00250008,-9.01417e-08,-7.9878e-09,-3.04215e-08,-0.798263,-0.470693,-0.375799,0.26251,-0.591344,0.730983,0.340554,0.573342,0.114407,0.494078,-0.861858,0.477717,0,0,0,1,0.00369518,-0.00573627,-0.00501106,0.000746776,-0.000447401,-4.62512e-05,6.82497e-08,1.28277e-07,-1.89588e-08
60194.8, -0.0259872, -0.232456, 0.660909, 0.812583, 0.580801, -0.0321283, -0.0366887, 0.262984, 0.550856, 0.476713, -0.298805, 0.916336, 0.230331, 0.134131
# 60194.8,0.323275,0.946257,-0.00959613,-0.0259872,0.941542,-0.322647,-0.0969456,-0.232456,-0.0948316,0.0223049,-0.995244,0.660909,0,0,0,1,0.00220865,0.00544928,-0.00279036,-0.00105192,0.000420958,-0.00219301,-8.66179e-08,-2.8872e-09,-2.82517e-08,-0.78545,-0.485822,-0.383466,0.262984,-0.6094,0.715327,0.341964,0.550856,0.10817,0.50228,-0.857913,0.476713,0,0,0,1,0.00358587,-0.00693427,-0.00482121,0.000823135,-0.000514122,0.000103877,6.03827e-08,1.36449e-07,-1.30572e-08
61576.2, -0.0372177, -0.221962, 0.663812, 0.813375, 0.579583, -0.0358936, -0.0348848, 0.262267, 0.527065, 0.475803, -0.304902, 0.913697, 0.232587, 0.134519
# 61576.2,0.325591,0.94534,-0.0179526,-0.0372177,0.940332,-0.325734,-0.0983555,-0.221962,-0.0988272,0.0151423,-0.99499,0.663812,0,0,0,1,0.00106649,0.00570521,-0.00232045,-0.00113379,0.000481527,-0.00220132,-8.54942e-08,8.435e-09,-2.2606e-08,-0.777879,-0.494601,-0.387652,0.262267,-0.619751,0.705876,0.342999,0.527065,0.103987,0.507059,-0.855616,0.475803,0,0,0,1,0.00310241,-0.00806582,-0.00439952,0.000854802,-0.000519292,7.9667e-05,5.00985e-08,1.4165e-07,-7.09717e-09
62912, -0.046182, -0.210248, 0.667757, 0.813656, 0.579041, -0.0398794, -0.032944, 0.261195, 0.506381, 0.475068, -0.310286, 0.911299, 0.234747, 0.134725
# 62912,0.326243,0.944908,-0.0267443,-0.046182,0.939652,-0.327253,-0.0997937,-0.210248,-0.103048,0.00742664,-0.994649,0.667757,0,0,0,1,0.000227886,0.00604325,-0.00185,-0.00122231,0.000539725,-0.00217862,-8.59949e-08,1.70171e-08,-1.71689e-08,-0.771144,-0.502274,-0.391227,0.261195,-0.628779,0.697234,0.344242,0.506381,0.0998729,0.511455,-0.853487,0.475068,0,0,0,1,0.00266394,-0.00886346,-0.00403995,0.00088456,-0.000516733,4.1116e-05,4.19673e-08,1.44566e-07,-2.64235e-09
64255.8, -0.0621913, -0.270371, 0.6607, 0.816175, 0.574284, -0.0513363, -0.0376872, 0.277066, 0.575915, 0.440375, -0.309741, 0.911784, 0.235317, 0.13167
# 64255.8,0.335125,0.941302,-0.0405125,-0.0621913,0.933563,-0.337555,-0.120482,-0.270371,-0.127085,0.00255548,-0.991889,0.6607,0,0,0,1,-0.000779528,0.000802563,-0.00262728,-0.00129143,0.000966617,-0.00231124,-3.33775e-08,1.24832e-08,-2.73633e-08,-0.773448,-0.502865,-0.385883,0.277066,-0.626801,0.697373,0.34755,0.575915,0.0943339,0.510684,-0.854578,0.440375,0,0,0,1,0.00362505,-0.00246737,-0.00654187,0.000872301,-0.000360239,-0.00018937,8.73837e-08,1.10758e-07,-4.27997e-08
65663.9, -0.0654422, -0.262104, 0.660348, 0.818515, 0.570439, -0.0570395, -0.0371277, 0.278462, 0.562439, 0.438434, -0.315337, 0.909203, 0.237552, 0.132219
# 65663.9,0.342692,0.938062,-0.0510173,-0.0654422,0.929591,-0.346442,-0.125854,-0.262104,-0.135734,-0.00429601,-0.990736,0.660348,0,0,0,1,-0.000924059,0.00134058,-0.00245801,-0.0013716,0.00109903,-0.0024187,-3.7732e-08,1.52021e-08,-2.53469e-08,-0.766162,-0.510593,-0.390245,0.278462,-0.636228,0.688264,0.348579,0.562439,0.0906095,0.515352,-0.852175,0.438434,0,0,0,1,0.00336143,-0.00322437,-0.00605641,0.000902949,-0.000367336,-0.000224573,8.05841e-08,1.13279e-07,-3.69115e-08
67005.8, -0.0685839, -0.253081, 0.661268, 0.820379, 0.567183, -0.0629246, -0.0363618, 0.279973, 0.548224, 0.437072, -0.320391, 0.906771, 0.239893, 0.13254
# 67005.8,0.348687,0.935187,-0.0619963,-0.0685839,0.926034,-0.353962,-0.131041,-0.253081,-0.144492,-0.0117186,-0.989437,0.661268,0,0,0,1,-0.00109539,0.00191392,-0.00220886,-0.00145984,0.00122182,-0.00249558,-4.22624e-08,1.83191e-08,-2.25079e-08,-0.759566,-0.517452,-0.394087,0.279973,-0.644633,0.679602,0.350127,0.548224,0.0866479,0.519986,-0.849769,0.437072,0,0,0,1,0.00312656,-0.0040276,-0.0055862,0.000937384,-0.000368905,-0.000262108,7.37021e-08,1.16162e-07,-3.0906e-08
68331.6, -0.0724016, -0.243832, 0.662617, 0.821922, 0.56434, -0.0686528, -0.0353845, 0.282112, 0.532922, 0.43601, -0.325231, 0.904413, 0.242143, 0.132771
# 68331.6,0.353614,0.932545,-0.0729166,-0.0724016,0.922828,-0.360536,-0.135654,-0.243832,-0.152792,-0.0193205,-0.98807,0.662617,0,0,0,1,-0.0013284,0.0024631,-0.00193929,-0.00154733,0.00132929,-0.00255014,-4.63428e-08,2.20207e-08,-1.9447e-08,-0.753193,-0.523987,-0.397665,0.282112,-0.652586,0.671183,0.351633,0.532922,0.0826552,0.524358,-0.847477,0.43601,0,0,0,1,0.00295428,-0.00486555,-0.00513518,0.000968168,-0.000367669,-0.000302622,6.71045e-08,1.19524e-07,-2.47552e-08
69598.9, -0.0764887, -0.235315, 0.665534, 0.822957, 0.562213, -0.0740677, -0.0342324, 0.283383, 0.517236, 0.435531, -0.32981, 0.902141, 0.244224, 0.133121
# 69598.9,0.356861,0.930426,-0.0834173,-0.0764887,0.920283,-0.36549,-0.139627,-0.235315,-0.160401,-0.02694,-0.986684,0.665534,0,0,0,1,-0.00158106,0.00291771,-0.00157492,-0.00163064,0.00142187,-0.00258045,-4.93645e-08,2.56431e-08,-1.551e-08,-0.747008,-0.530048,-0.401283,0.283383,-0.660093,0.66316,0.352839,0.517236,0.0790937,0.528458,-0.845267,0.435531,0,0,0,1,0.00273827,-0.00567379,-0.00469428,0.000994336,-0.000369622,-0.000344646,6.02837e-08,1.22403e-07,-1.89523e-08
70887.6, -0.0796654, -0.224639, 0.667981, 0.823574, 0.560665, -0.0794856, -0.0326138, 0.284559, 0.502164, 0.435673, -0.334132, 0.899922, 0.246438, 0.133283
# 70887.6,0.358675,0.928682,-0.0943536,-0.0796654,0.918313,-0.369183,-0.142849,-0.224639,-0.167495,-0.0354097,-0.985237,0.667981,0,0,0,1,-0.00174982,0.00348405,-0.00128072,-0.00172176,0.00149844,-0.00258511,-5.38035e-08,2.88808e-08,-1.22389e-08,-0.741184,-0.535693,-0.404574,0.284559,-0.667077,0.655249,0.354481,0.502164,0.0752038,0.532618,-0.843008,0.435673,0,0,0,1,0.00252748,-0.00635762,-0.00424949,0.00102353,-0.000366166,-0.000390686,5.41962e-08,1.24272e-07,-1.34976e-08
72335.9, -0.0842361, -0.214825, 0.671566, 0.823987, 0.559407, -0.0845773, -0.0309216, 0.286877, 0.487029, 0.434975, -0.339191, 0.897297, 0.248935, 0.133564
# 72335.9,0.359821,0.927118,-0.104786,-0.0842361,0.916657,-0.372216,-0.145584,-0.214825,-0.173977,-0.0436682,-0.983781,0.671566,0,0,0,1,-0.00198236,0.00388104,-0.000910534,-0.00179887,0.00156098,-0.00256867,-5.63888e-08,3.22096e-08,-8.29679e-09,-0.734221,-0.542212,-0.408566,0.286877,-0.675207,0.645962,0.35613,0.487029,0.0708205,0.537345,-0.840384,0.434975,0,0,0,1,0.00239401,-0.00687732,-0.00385055,0.00105635,-0.000360639,-0.00044095,4.97141e-08,1.25458e-07,-8.71438e-09
73755.1, -0.0855938, -0.203189, 0.677545, 0.823094, 0.559882, -0.0902809, -0.0299551, 0.289277, 0.47314, 0.434954, -0.344512, 0.894447, 0.252088, 0.133143
# 73755.1,0.356762,0.92708,-0.115077,-0.0855938,0.916263,-0.371269,-0.150405,-0.203189,-0.182162,-0.0517816,-0.981904,0.677545,0,0,0,1,-0.00182306,0.00452473,-0.000370889,-0.00188233,0.00163141,-0.00248997,-6.04473e-08,3.43713e-08,-1.54084e-09,-0.727168,-0.549169,-0.411874,0.289277,-0.683424,0.635525,0.35922,0.47314,0.0644835,0.542698,-0.837449,0.434954,0,0,0,1,0.00230829,-0.00729829,-0.00356182,0.0011058,-0.000341625,-0.000467178,4.62573e-08,1.26243e-07,-4.45571e-09
75113.4, -0.0874341, -0.191315, 0.682195, 0.822656, 0.559853, -0.0946676, -0.0289764, 0.291052, 0.461176, 0.434955, -0.348777, 0.892107, 0.254388, 0.13337
# 75113.4,0.355205,0.926619,-0.123313,-0.0874341,0.915647,-0.37145,-0.153675,-0.191315,-0.188203,-0.0583246,-0.980397,0.682195,0,0,0,1,-0.00184457,0.00497137,-2.63141e-05,-0.00192655,0.0016833,-0.0024372,-6.4202e-08,3.59311e-08,2.29338e-09,-0.721135,-0.554436,-0.41541,0.291052,-0.690147,0.627283,0.360849,0.461176,0.060512,0.546915,-0.834999,0.434955,0,0,0,1,0.00217679,-0.00751716,-0.0032276,0.00113375,-0.00033712,-0.000518534,4.36744e-08,1.25506e-07,-1.26298e-09
76605.8, -0.0892371, -0.179909, 0.687196, 0.822042, 0.56003, -0.0992165, -0.0277292, 0.29316, 0.448739, 0.434143, -0.353776, 0.889383, 0.256861, 0.133654
# 76605.8,0.353044,0.92624,-0.132062,-0.0892371,0.915235,-0.371194,-0.156718,-0.179909,-0.194179,-0.0655392,-0.978775,0.687196,0,0,0,1,-0.00184122,0.00528377,0.000306876,-0.00197187,0.00172589,-0.00237365,-6.68062e-08,3.68369e-08,5.87589e-09,-0.713958,-0.560624,-0.419482,0.29316,-0.697946,0.617729,0.362329,0.448739,0.0559963,0.551463,-0.832318,0.434143,0,0,0,1,0.00205851,-0.00764981,-0.00295102,0.00116017,-0.000335745,-0.000566786,4.1758e-08,1.24479e-07,1.16204e-09
78003.9, -0.0947318, -0.25431, 0.683458, 0.829695, 0.545713, -0.112797, -0.0328711, 0.317462, 0.536432, 0.406757, -0.357165, 0.887954, 0.256039, 0.135703
# 78003.9,0.378949,0.912966,-0.151297,-0.0947318,0.898135,-0.402234,-0.177655,-0.25431,-0.22305,-0.0685632,-0.972393,0.683458,0,0,0,1,-0.00152634,-0.00106911,-0.000467012,-0.00204034,0.00213478,-0.00279814,-7.5514e-09,1.30748e-08,-8.10495e-09,-0.708036,-0.5648,-0.423893,0.317462,-0.703782,0.613755,0.357766,0.536432,0.0581001,0.551639,-0.832057,0.406757,0,0,0,1,0.00373169,0.000222399,-0.00491308,0.00110132,-0.00037554,-0.000669377,1.06361e-07,8.91629e-08,-3.71793e-08
79398.9, -0.0947479, -0.248661, 0.685676, 0.830643, 0.543022, -0.118598, -0.0330823, 0.320305, 0.529181, 0.406462, -0.361476, 0.885289, 0.259324, 0.135458
# 79398.9,0.382123,0.909962,-0.161097,-0.0947479,0.894268,-0.408065,-0.183762,-0.248661,-0.232954,-0.0738439,-0.96968,0.685676,0,0,0,1,-0.00139397,-0.000525273,-0.000314866,-0.00207812,0.00223227,-0.00282603,-1.26804e-08,1.36418e-08,-6.19013e-09,-0.701973,-0.569767,-0.427318,0.320305,-0.710277,0.604172,0.361225,0.529181,0.0523594,0.557084,-0.828804,0.406462,0,0,0,1,0.00353699,-0.000366217,-0.00445983,0.00115349,-0.000356406,-0.000712675,1.00695e-07,8.98013e-08,-3.21066e-08
80783, -0.0962743, -0.243693, 0.687397, 0.832952, 0.538288, -0.124291, -0.03145, 0.321529, 0.519131, 0.406859, -0.365804, 0.882573, 0.262516, 0.135416
# 80783,0.389595,0.904554,-0.173198,-0.0962743,0.888918,-0.418514,-0.186201,-0.243693,-0.240915,-0.0814159,-0.967126,0.687397,0,0,0,1,-0.0013006,-3.14361e-05,-0.000115749,-0.00210227,0.0023446,-0.00288604,-1.09809e-08,1.52091e-08,-5.90596e-09,-0.6957,-0.5746,-0.431088,0.321529,-0.716795,0.594546,0.364307,0.519131,0.0469709,0.56245,-0.825496,0.406859,0,0,0,1,0.00327171,-0.00108286,-0.00399368,0.00120213,-0.000344205,-0.000751173,9.37248e-08,9.07936e-08,-2.67223e-08
82191, -0.0965256, -0.238019, 0.687641, 0.83367, 0.535957, -0.129698, -0.0303838, 0.323862, 0.509144, 0.407896, -0.370105, 0.879896, 0.265483, 0.135371
# 82191,0.391857,0.901504,-0.183682,-0.0965256,0.885741,-0.423654,-0.189685,-0.238019,-0.248819,-0.0883649,-0.964511,0.687641,0,0,0,1,-0.0012411,0.000459188,-0.000114632,-0.00215717,0.00239868,-0.00289762,-1.56109e-08,1.64293e-08,-5.4147e-09,-0.689395,-0.579429,-0.434738,0.323862,-0.723184,0.585083,0.366991,0.509144,0.0417127,0.567397,-0.822387,0.407896,0,0,0,1,0.00307343,-0.00180351,-0.00352768,0.00124319,-0.000330603,-0.000793246,8.71276e-08,9.19931e-08,-2.10686e-08
83541.7, -0.0963196, -0.230468, 0.688024, 0.834107, 0.534072, -0.13482, -0.0292755, 0.326202, 0.498512, 0.408715, -0.374234, 0.877304, 0.268251, 0.135384
# 83541.7,0.393182,0.89884,-0.193638,-0.0963196,0.883052,-0.42782,-0.192845,-0.230468,-0.256179,-0.0951694,-0.961933,0.688024,0,0,0,1,-0.00116896,0.0010412,-0.000100625,-0.00220821,0.00244803,-0.00289693,-2.11173e-08,1.79067e-08,-4.62532e-09,-0.683241,-0.583999,-0.438323,0.326202,-0.729267,0.575981,0.369345,0.498512,0.0367688,0.572006,-0.819425,0.408715,0,0,0,1,0.00289902,-0.00251275,-0.00313544,0.00127809,-0.000321647,-0.000835742,8.08161e-08,9.35283e-08,-1.59844e-08
84884.9, -0.101865, -0.267283, 0.697174, 0.837401, 0.527058, -0.141566, -0.0304732, 0.35143, 0.544514, 0.396156, -0.377543, 0.875054, 0.270637, 0.136004
# 84884.9,0.404339,0.891345,-0.204973,-0.101865,0.874089,-0.442564,-0.200263,-0.267283,-0.269217,-0.0981902,-0.958061,0.697174,0,0,0,1,-0.000907462,-0.00237285,0.000344799,-0.0022396,0.00258089,-0.00305768,1.04214e-08,2.80609e-09,-4.58841e-09,-0.677929,-0.587126,-0.442376,0.35143,-0.734356,0.568434,0.37095,0.544514,0.0336675,0.576339,-0.816517,0.396156,0,0,0,1,0.00459411,0.00203232,-0.0037522,0.00130445,-0.000326184,-0.000900266,1.24851e-07,7.72505e-08,-3.0881e-08
86346.5, -0.0986647, -0.258706, 0.698972, 0.838334, 0.524048, -0.146904, -0.0314482, 0.353544, 0.538548, 0.396811, -0.382006, 0.872164, 0.273743, 0.135888
# 86346.5,0.407587,0.887894,-0.213348,-0.0986647,0.869415,-0.44877,-0.206697,-0.258706,-0.27927,-0.101241,-0.954861,0.698972,0,0,0,1,-0.000590212,-0.00141644,0.000379991,-0.00224639,0.0026614,-0.00308706,7.5575e-10,3.34052e-09,-2.86209e-09,-0.671212,-0.591948,-0.446176,0.353544,-0.740741,0.558272,0.373678,0.538548,0.0278901,0.581318,-0.813199,0.396811,0,0,0,1,0.00420025,0.00127125,-0.00331326,0.00134379,-0.000312199,-0.000938241,1.16473e-07,7.73806e-08,-2.62448e-08
87741.9, -0.0958125, -0.247406, 0.702652, 0.839645, 0.519863, -0.154008, -0.0319419, 0.355591, 0.529658, 0.398932, -0.385932, 0.869457, 0.276945, 0.135657
# 87741.9,0.412048,0.88284,-0.225413,-0.0958125,0.863162,-0.457444,-0.213766,-0.247406,-0.291835,-0.106486,-0.950523,0.702652,0,0,0,1,-0.00027973,-0.000283043,0.000681322,-0.00229574,0.00276594,-0.00315165,-1.21235e-08,5.60837e-09,6.32743e-09,-0.665307,-0.595964,-0.449659,0.355591,-0.746242,0.548716,0.376874,0.529658,0.0221312,0.586291,-0.809798,0.398932,0,0,0,1,0.00385082,0.00039987,-0.0028413,0.00138617,-0.000296022,-0.000980176,1.07674e-07,7.8177e-08,-2.07526e-08
89119.7, -0.100486, -0.257225, 0.722022, 0.840912, 0.51793, -0.153717, -0.0314102, 0.3782, 0.541434, 0.397138, -0.388267, 0.867141, 0.280756, 0.135983
# 89119.7,0.416239,0.880724,-0.225989,-0.100486,0.861411,-0.461524,-0.212056,-0.257225,-0.291062,-0.106403,-0.950769,0.722022,0,0,0,1,-0.000404467,-0.00104667,0.00238542,-0.00224733,0.0027017,-0.00316453,-8.83933e-10,4.84022e-09,2.18742e-08,-0.661514,-0.597009,-0.45385,0.3782,-0.749721,0.54085,0.381313,0.541434,0.0178172,0.592505,-0.80537,0.397138,0,0,0,1,0.00546888,0.00134674,-0.00242449,0.00144661,-0.000286703,-0.00105753,1.25507e-07,7.9165e-08,-1.43674e-08
90563.7, -0.097272, -0.248605, 0.72426, 0.8418, 0.515322, -0.157376, -0.032392, 0.379052, 0.535186, 0.399267, -0.392254, 0.864304, 0.283802, 0.136282
# 90563.7,0.419352,0.877792,-0.231573,-0.097272,0.857401,-0.466787,-0.216733,-0.248605,-0.298342,-0.107663,-0.948368,0.72426,0,0,0,1,-0.000126296,-0.000198179,0.00223371,-0.00222956,0.00274579,-0.0031852,-9.70447e-09,5.45346e-09,2.20846e-08,-0.655129,-0.600699,-0.458222,0.379052,-0.755407,0.531186,0.383669,0.535186,0.0129323,0.597497,-0.801767,0.399267,0,0,0,1,0.00487518,0.000613996,-0.00201671,0.00148225,-0.000283887,-0.00109928,1.15962e-07,7.77415e-08,-1.091e-08
91879.3, -0.0937377, -0.239159, 0.724927, 0.842611, 0.512972, -0.160437, -0.0335653, 0.378623, 0.526437, 0.401449, -0.395769, 0.861693, 0.286773, 0.136429
# 91879.3,0.422239,0.875242,-0.235937,-0.0937377,0.853701,-0.471467,-0.221165,-0.239159,-0.304809,-0.108035,-0.946267,0.724927,0,0,0,1,0.00012971,0.000635882,0.00200527,-0.0022049,0.0027821,-0.00319888,-1.85198e-08,6.22455e-09,2.15881e-08,-0.649508,-0.603815,-0.462112,0.378623,-0.760312,0.522256,0.386232,0.526437,0.0081278,0.602209,-0.798297,0.401449,0,0,0,1,0.00428031,-0.000241677,-0.00166859,0.00151832,-0.000277823,-0.00114039,1.05566e-07,7.72833e-08,-7.4989e-09
93273.5, -0.0921876, -0.232496, 0.722281, 0.843469, 0.510528, -0.16392, -0.032428, 0.377653, 0.515927, 0.403609, -0.399261, 0.858961, 0.290142, 0.136364
# 93273.5,0.424982,0.87186,-0.243412,-0.0921876,0.850598,-0.476619,-0.222076,-0.232496,-0.309634,-0.112667,-0.944158,0.722281,0,0,0,1,0.00018624,0.00117635,0.00155496,-0.00222614,0.00278437,-0.00321339,-2.45843e-08,7.63741e-09,1.81922e-08,-0.643991,-0.606769,-0.465948,0.377653,-0.765029,0.512817,0.389551,0.515927,0.00257889,0.60733,-0.794445,0.403609,0,0,0,1,0.00368355,-0.00113258,-0.00136541,0.00156055,-0.000267641,-0.00118313,9.49286e-08,7.72033e-08,-4.32514e-09
94693.7, -0.0903363, -0.223742, 0.721263, 0.844083, 0.508329, -0.167685, -0.03174, 0.375452, 0.504422, 0.405229, -0.402951, 0.856172, 0.293328, 0.13623
# 94693.7,0.426967,0.868788,-0.250811,-0.0903363,0.847499,-0.481189,-0.22406,-0.223742,-0.315348,-0.116895,-0.941749,0.721263,0,0,0,1,0.000246836,0.00179356,0.00126202,-0.00222753,0.00280765,-0.00321651,-3.13344e-08,8.29057e-09,1.49185e-08,-0.638144,-0.61007,-0.469667,0.375452,-0.769911,0.503178,0.392491,0.504422,-0.00312061,0.612067,-0.7908,0.405229,0,0,0,1,0.00305546,-0.00199575,-0.00112702,0.00159626,-0.000255646,-0.00122469,8.42905e-08,7.70674e-08,-1.8911e-09
96148.9, -0.0905653, -0.217641, 0.718343, 0.844531, 0.506479, -0.171211, -0.0305584, 0.373164, 0.492454, 0.406368, -0.406746, 0.853297, 0.296422, 0.136295
# 96148.9,0.428331,0.865938,-0.258231,-0.0905653,0.84501,-0.48509,-0.225044,-0.217641,-0.32014,-0.121814,-0.939506,0.718343,0,0,0,1,0.000134342,0.00212916,0.000870198,-0.00224654,0.00280901,-0.00321,-3.48562e-08,1.04318e-08,1.15108e-08,-0.631963,-0.613348,-0.473737,0.373164,-0.774952,0.493383,0.394998,0.492454,-0.0085367,0.616747,-0.787115,0.406368,0,0,0,1,0.00248797,-0.00276662,-0.00096127,0.00162853,-0.000247505,-0.00126543,7.47444e-08,7.71146e-08,-1.14057e-10
97537.7, -0.100509, -0.24201, 0.743942, 0.846559, 0.504145, -0.168126, -0.0301392, 0.404824, 0.514869, 0.406815, -0.410381, 0.850442, 0.298151, 0.139437
# 97537.7,0.435142,0.863712,-0.254269,-0.100509,0.843443,-0.489859,-0.220549,-0.24201,-0.315047,-0.118491,-0.941651,0.743942,0,0,0,1,-0.000368759,-7.85451e-06,0.00301667,-0.00216182,0.00269756,-0.00324466,-8.23764e-09,7.76205e-09,2.76783e-08,-0.62429,-0.614864,-0.481877,0.404824,-0.781157,0.485387,0.392675,0.514869,-0.00754479,0.621565,-0.783327,0.406815,0,0,0,1,0.00494538,-0.000621943,-0.000551277,0.00163476,-0.000312299,-0.00132033,1.06901e-07,7.73912e-08,5.40767e-09
98961.7, -0.0963575, -0.233438, 0.742634, 0.847249, 0.502256, -0.170373, -0.0296737, 0.404364, 0.507693, 0.407741, -0.413486, 0.847948, 0.301009, 0.139308
# 98961.7,0.437424,0.861183,-0.25889,-0.0963575,0.840961,-0.493717,-0.221424,-0.233438,-0.318505,-0.12086,-0.940185,0.742634,0,0,0,1,-3.44745e-05,0.000695259,0.00257699,-0.00215276,0.00268828,-0.00324659,-1.69066e-08,7.38931e-09,2.53957e-08,-0.619245,-0.617364,-0.485179,0.404364,-0.785096,0.476845,0.395276,0.507693,-0.0126739,0.625684,-0.779974,0.407741,0,0,0,1,0.00434504,-0.00117757,-0.000426657,0.00166113,-0.000298201,-0.00137334,9.87692e-08,7.59739e-08,5.80279e-09
100330, -0.0937809, -0.22268, 0.739637, 0.847925, 0.500402, -0.17261, -0.0287599, 0.402902, 0.499821, 0.40829, -0.416359, 0.84559, 0.303757, 0.139117
# 100330,0.439608,0.858535,-0.263938,-0.0937809,0.838678,-0.497542,-0.221521,-0.22268,-0.321504,-0.123976,-0.938757,0.739637,0,0,0,1,0.000122327,0.00150234,0.00206661,-0.00215349,0.00267286,-0.00324688,-2.60246e-08,9.06089e-09,2.23558e-08,-0.614583,-0.619624,-0.488216,0.402902,-0.788654,0.468753,0.397863,0.499821,-0.0176726,0.629553,-0.776757,0.40829,0,0,0,1,0.00373893,-0.00176209,-0.000358441,0.001686,-0.000283309,-0.00142481,9.03795e-08,7.49547e-08,5.85157e-09
101705, -0.0919082, -0.213424, 0.735112, 0.848387, 0.498766, -0.175415, -0.0264924, 0.400127, 0.490569, 0.408596, -0.419401, 0.843104, 0.306559, 0.138923
# 101705,0.440925,0.855587,-0.271212,-0.0919082,0.836998,-0.501062,-0.219933,-0.213424,-0.324066,-0.13003,-0.937056,0.735112,0,0,0,1,0.000182748,0.00211939,0.00148814,-0.00218304,0.00264765,-0.00324108,-3.33504e-08,1.07899e-08,1.80858e-08,-0.609606,-0.622022,-0.491396,0.400127,-0.792374,0.460249,0.400392,0.490569,-0.0228885,0.633451,-0.773445,0.408596,0,0,0,1,0.00308525,-0.0023902,-0.000332616,0.00171096,-0.000268986,-0.00147117,8.13427e-08,7.41043e-08,5.54451e-09
103143, -0.0927714, -0.232915, 0.750501, 0.851099, 0.495096, -0.172891, -0.0248642, 0.423155, 0.507992, 0.411597, -0.422751, 0.840266, 0.309214, 0.140076
# 103143,0.449977,0.85135,-0.269675,-0.0927714,0.834155,-0.508523,-0.213519,-0.232915,-0.318916,-0.128872,-0.938981,0.750501,0,0,0,1,0.000443181,0.000289178,0.00280171,-0.00213048,0.00253668,-0.00330968,-1.46995e-08,1.63955e-09,2.76518e-08,-0.603322,-0.623819,-0.496843,0.423155,-0.797073,0.451337,0.40121,0.507992,-0.0260392,0.638079,-0.769531,0.411597,0,0,0,1,0.00482432,-0.000551154,0.000229699,0.0017332,-0.000283438,-0.00151765,1.06641e-07,7.18152e-08,1.05441e-08
104701, -0.0922406, -0.232686, 0.748006, 0.852328, 0.492567, -0.174316, -0.0229976, 0.421583, 0.49936, 0.412842, -0.426429, 0.837259, 0.312311, 0.140065
# 104701,0.453984,0.847674,-0.274493,-0.0922406,0.831639,-0.513699,-0.210928,-0.232686,-0.319805,-0.132522,-0.93817,0.748006,0,0,0,1,0.000419302,0.000353539,0.00228452,-0.00213028,0.00249099,-0.00332506,-1.67854e-08,1.62906e-09,2.28826e-08,-0.597081,-0.626575,-0.500898,0.421583,-0.80155,0.441241,0.403514,0.49936,-0.0318153,0.642425,-0.765688,0.412842,0,0,0,1,0.00412673,-0.00120349,0.000291258,0.00175842,-0.000273931,-0.00156051,9.71776e-08,7.04276e-08,1.03238e-08
106124, -0.087536, -0.223096, 0.743156, 0.852956, 0.49074, -0.17651, -0.0219933, 0.441518, 0.498346, 0.392717, -0.430239, 0.833431, 0.316781, 0.141196
# 106124,0.456037,0.844924,-0.279524,-0.087536,0.829396,-0.517381,-0.21076,-0.223096,-0.322696,-0.135722,-0.936721,0.743156,0,0,0,1,0.00063936,0.00101373,0.00168355,-0.00213029,0.00247563,-0.00332358,-2.52419e-08,2.05577e-09,1.89088e-08,-0.589917,-0.627692,-0.507938,0.441518,-0.806605,0.429088,0.406535,0.498346,-0.0372286,0.649527,-0.759427,0.392717,0,0,0,1,0.00511455,-0.00118356,-0.00119702,0.00181836,-0.000291007,-0.00158302,1.03305e-07,8.50499e-08,2.43893e-09
107581, -0.0865117, -0.216954, 0.737261, 0.853541, 0.488976, -0.178768, -0.0202963, 0.45903, 0.496811, 0.373553, -0.434453, 0.829274, 0.321343, 0.142456
# 107581,0.457889,0.841979,-0.285323,-0.0865117,0.827465,-0.520982,-0.209474,-0.216954,-0.325021,-0.140179,-0.93526,0.737261,0,0,0,1,0.000547449,0.00135685,0.00105752,-0.00214056,0.00245091,-0.0033194,-2.98078e-08,3.75171e-09,1.33975e-08,-0.581914,-0.629007,-0.515486,0.45903,-0.812115,0.415979,0.409182,0.496811,-0.0429472,0.656743,-0.752891,0.373553,0,0,0,1,0.0058123,-0.00120446,-0.00247729,0.00187702,-0.000313301,-0.00159962,1.0716e-07,9.69935e-08,-4.73947e-09
109003, -0.0852743, -0.209653, 0.73161, 0.853826, 0.487573, -0.181388, -0.0187679, 0.473619, 0.495141, 0.355513, -0.438709, 0.825147, 0.325568, 0.143783
# 109003,0.458742,0.839414,-0.291446,-0.0852743,0.825796,-0.523841,-0.208929,-0.209653,-0.328049,-0.144831,-0.933493,0.73161,0,0,0,1,0.000482568,0.001762,0.00050545,-0.00215339,0.0024366,-0.00330675,-3.47903e-08,5.58537e-09,8.78533e-09,-0.573723,-0.630375,-0.522943,0.473619,-0.81762,0.403081,0.411124,0.495141,-0.0483738,0.66344,-0.746664,0.355513,0,0,0,1,0.00623314,-0.00125021,-0.0035541,0.00192922,-0.00033571,-0.00161266,1.09015e-07,1.0622e-07,-1.13106e-08
110558, -0.0780302, -0.229488, 0.735355, 0.858472, 0.479948, -0.179501, -0.0213441, 0.515035, 0.534457, 0.336318, -0.450715, 0.816057, 0.333764, 0.13967
# 110558,0.474859,0.831706,-0.287705,-0.0780302,0.816381,-0.53839,-0.208949,-0.229488,-0.328681,-0.135656,-0.934648,0.735355,0,0,0,1,0.00145695,-0.000328133,0.00088354,-0.00205041,0.00240192,-0.00345848,-2.00686e-08,-1.25743e-08,1.04027e-08,-0.554696,-0.642386,-0.528823,0.515035,-0.828853,0.370914,0.418838,0.534457,-0.0729078,0.670644,-0.738188,0.336318,0,0,0,1,0.00881087,0.00240989,-0.00421981,0.00203798,-0.00028509,-0.00143905,1.53109e-07,1.09418e-07,-1.93481e-08
111958, -0.0772999, -0.22675, 0.729885, 0.859552, 0.477423, -0.181246, -0.0196735, 0.533687, 0.537107, 0.316072, -0.454717, 0.811908, 0.337428, 0.142059
# 111958,0.478434,0.827872,-0.292795,-0.0772999,0.813609,-0.54336,-0.206883,-0.22675,-0.330366,-0.139241,-0.933526,0.729885,0,0,0,1,0.00131059,-9.48801e-05,0.00040408,-0.00205738,0.00237299,-0.00347447,-2.30325e-08,-1.07775e-08,6.00567e-09,-0.546103,-0.642508,-0.537546,0.533687,-0.834246,0.358749,0.418727,0.537107,-0.0761907,0.677114,-0.731924,0.316072,0,0,0,1,0.00928679,0.00234239,-0.00523722,0.00207805,-0.000330292,-0.00146185,1.55009e-07,1.1882e-07,-2.4857e-08
113446, -0.0769932, -0.223339, 0.72563, 0.86045, 0.475003, -0.183466, -0.0184047, 0.549405, 0.537721, 0.297131, -0.459239, 0.807375, 0.341194, 0.144331
# 113446,0.481425,0.824186,-0.298242,-0.0769932,0.810679,-0.548067,-0.205967,-0.223339,-0.333212,-0.142621,-0.932003,0.72563,0,0,0,1,0.00112804,0.000189785,3.4931e-05,-0.00206149,0.00235641,-0.00348556,-2.58761e-08,-8.28484e-09,2.65472e-09,-0.536536,-0.643068,-0.546437,0.549405,-0.840046,0.345372,0.418378,0.537721,-0.0803212,0.683507,-0.725512,0.297131,0,0,0,1,0.00943492,0.00209369,-0.00604569,0.00211628,-0.000374286,-0.00147954,1.53465e-07,1.25806e-07,-2.94297e-08
114850, -0.0790155, -0.222262, 0.722336, 0.861188, 0.472949, -0.185367, -0.0176868, 0.560003, 0.536349, 0.281766, -0.463697, 0.802844, 0.344932, 0.146454
# 114850,0.483916,0.821154,-0.302542,-0.0790155,0.80804,-0.552013,-0.205802,-0.222262,-0.336002,-0.144875,-0.930653,0.722336,0,0,0,1,0.00079911,0.000290182,-0.000234711,-0.0020562,0.0023442,-0.00348709,-2.61798e-08,-5.31811e-09,-5.04707e-10,-0.527072,-0.643519,-0.555048,0.560003,-0.845586,0.332013,0.418033,0.536349,-0.0847294,0.689674,-0.719146,0.281766,0,0,0,1,0.00925018,0.00172913,-0.00655938,0.00215581,-0.000414096,-0.00148969,1.49042e-07,1.29476e-07,-3.27088e-08
116321, -0.0796035, -0.219684, 0.717079, 0.859796, 0.474548, -0.188242, -0.010969, 0.567305, 0.533717, 0.268686, -0.460299, 0.804284, 0.344148, 0.151045
# 116321,0.478738,0.820158,-0.313289,-0.0796035,0.811899,-0.549368,-0.197522,-0.219684,-0.334111,-0.159798,-0.928889,0.717079,0,0,0,1,0.000446497,0.000602747,-0.000533598,-0.00213648,0.00227674,-0.00343412,-2.84255e-08,-1.02117e-09,-3.78325e-09,-0.53062,-0.636459,-0.559788,0.567305,-0.844386,0.339374,0.414533,0.533717,-0.0738553,0.692637,-0.717496,0.268686,0,0,0,1,0.00881503,0.00113426,-0.00683276,0.00211765,-0.000459432,-0.00168155,1.41799e-07,1.29052e-07,-3.54597e-08
117672, -0.0820638, -0.215464, 0.713507, 0.860026, 0.473191, -0.19063, -0.0103021, 0.571119, 0.529661, 0.2587, -0.464926, 0.799699, 0.347837, 0.152756
# 117672,0.4795,0.817841,-0.318144,-0.0820638,0.809985,-0.551968,-0.198129,-0.215464,-0.337644,-0.162689,-0.927108,0.713507,0,0,0,1,0.000162592,0.000905535,-0.000782296,-0.00213619,0.00227494,-0.00342107,-3.0546e-08,2.60593e-09,-6.19919e-09,-0.521019,-0.637334,-0.567755,0.571119,-0.849871,0.325707,0.414289,0.529661,-0.0791188,0.69837,-0.711351,0.2587,0,0,0,1,0.00822629,0.000654155,-0.00692318,0.00215626,-0.000490978,-0.00168037,1.34189e-07,1.28009e-07,-3.68999e-08
119057, -0.0628513, -0.233276, 0.712057, 0.866146, 0.462507, -0.188647, -0.0170899, 0.573432, 0.552459, 0.266946, -0.472916, 0.791863, 0.35577, 0.150772
# 119057,0.501,0.807644,-0.310983,-0.0628513,0.794748,-0.571591,-0.204106,-0.233276,-0.3426,-0.144896,-0.928241,0.712057,0,0,0,1,0.00211745,-0.000839991,-0.000803362,-0.0019911,0.00229998,-0.00363801,-2.49653e-08,-2.2933e-08,-4.71395e-09,-0.507238,-0.641688,-0.575279,0.573432,-0.856248,0.299557,0.420837,0.552459,-0.0977171,0.706047,-0.701391,0.266946,0,0,0,1,0.0076296,0.00279928,-0.00532693,0.00226511,-0.000469174,-0.00158668,1.48798e-07,1.05971e-07,-3.62271e-08
120468, -0.0665855, -0.23214, 0.710069, 0.867176, 0.459917, -0.190262, -0.0168092, 0.57553, 0.548612, 0.2616, -0.478784, 0.786523, 0.359471, 0.15142
# 120468,0.504552,0.804055,-0.31452,-0.0665855,0.791262,-0.576387,-0.204163,-0.23214,-0.345444,-0.145857,-0.927036,0.710069,0,0,0,1,0.00161489,-0.00061796,-0.000882597,-0.00197808,0.00229055,-0.00365002,-2.48182e-08,-1.76409e-08,-6.32611e-09,-0.495676,-0.644287,-0.582408,0.57553,-0.862011,0.283093,0.42047,0.548612,-0.106027,0.710459,-0.695706,0.2616,0,0,0,1,0.0070181,0.00217501,-0.00518221,0.00229725,-0.0004866,-0.00156204,1.40059e-07,1.03897e-07,-3.56121e-08
121956, -0.069272, -0.228476, 0.710721, 0.867821, 0.458016, -0.191782, -0.0181056, 0.57538, 0.543946, 0.256276, -0.48503, 0.780832, 0.36332, 0.151812
# 121956,0.506881,0.801897,-0.31628,-0.069272,0.788008,-0.579786,-0.207104,-0.228476,-0.34945,-0.144254,-0.925784,0.710721,0,0,0,1,0.00122248,-0.000211782,-0.000774129,-0.00194027,0.00229757,-0.00364772,-2.59754e-08,-1.20404e-08,-5.5653e-09,-0.483399,-0.64714,-0.589521,0.57538,-0.867765,0.265489,0.420118,0.543946,-0.115364,0.71465,-0.689903,0.256276,0,0,0,1,0.00624386,0.00151681,-0.00502373,0.00232774,-0.00050116,-0.00153661,1.30139e-07,1.00676e-07,-3.56127e-08
123398, -0.073363, -0.228114, 0.708115, 0.866992, 0.45903, -0.193594, -0.011744, 0.572284, 0.539586, 0.253788, -0.486186, 0.779533, 0.364015, 0.153115
# 123398,0.503625,0.800498,-0.324907,-0.073363,0.791404,-0.578307,-0.198095,-0.228114,-0.346471,-0.157367,-0.924767,0.708115,0,0,0,1,0.000646758,1.4863e-05,-0.000817652,-0.00200264,0.0022296,-0.00361188,-2.55877e-08,-6.11623e-09,-7.0275e-09,-0.480359,-0.646523,-0.592675,0.572284,-0.869468,0.262233,0.418639,0.539586,-0.11524,0.716409,-0.688098,0.253788,0,0,0,1,0.00542669,0.000811678,-0.00472852,0.0023072,-0.000509371,-0.00161827,1.19363e-07,9.53167e-08,-3.50902e-08
124817, -0.0800607, -0.226269, 0.706772, 0.867286, 0.457671, -0.195475, -0.0119606, 0.568941, 0.532601, 0.251407, -0.49169, 0.774256, 0.367778, 0.153324
# 124817,0.504655,0.798538,-0.328117,-0.0800607,0.789186,-0.580789,-0.199673,-0.226269,-0.350013,-0.15818,-0.923293,0.706772,0,0,0,1,5.46873e-05,0.000213613,-0.000869123,-0.00198406,0.00222762,-0.00359949,-2.46271e-08,-1.67381e-10,-8.69602e-09,-0.469465,-0.648609,-0.59909,0.568941,-0.874166,0.24596,0.418733,0.532601,-0.124241,0.720285,-0.682462,0.251407,0,0,0,1,0.00461819,0.000145193,-0.00445605,0.00233879,-0.000517113,-0.00159961,1.09408e-07,9.08832e-08,-3.447e-08
126339, -0.0842263, -0.221096, 0.705332, 0.867411, 0.45642, -0.197803, -0.0123746, 0.564623, 0.524632, 0.249465, -0.497314, 0.768779, 0.371634, 0.153448
# 126339,0.50511,0.796702,-0.331857,-0.0842263,0.786911,-0.583056,-0.20203,-0.221096,-0.354449,-0.159094,-0.921442,0.705332,0,0,0,1,-0.000288652,0.000626877,-0.000920848,-0.00196576,0.00223474,-0.00358166,-2.65785e-08,4.86658e-09,-9.24181e-09,-0.458266,-0.650596,-0.605572,0.564623,-0.878701,0.229135,0.418785,0.524632,-0.133702,0.724032,-0.676684,0.249465,0,0,0,1,0.00377994,-0.000520384,-0.00414543,0.00236834,-0.000523967,-0.00158425,9.94102e-08,8.58396e-08,-3.37966e-08
127736, -0.0696529, -0.22934, 0.71067, 0.87158, 0.448769, -0.196792, -0.0150885, 0.564066, 0.538699, 0.262419, -0.498585, 0.7658, 0.375102, 0.155764
# 127736,0.519758,0.788215,-0.329497,-0.0696529,0.776338,-0.596757,-0.20293,-0.22934,-0.356582,-0.150326,-0.922091,0.71067,0,0,0,1,0.00114062,-0.000232733,-0.000363056,-0.00189331,0.00222117,-0.00371083,-2.42994e-08,-1.08025e-08,-1.58973e-09,-0.454302,-0.646777,-0.612609,0.564066,-0.880487,0.221423,0.419183,0.538699,-0.135472,0.72983,-0.670071,0.262419,0,0,0,1,0.00342619,0.000835016,-0.0025521,0.00240023,-0.000551627,-0.00165273,1.10695e-07,6.82669e-08,-2.9692e-08
129170, -0.0720401, -0.224033, 0.710626, 0.872183, 0.446841, -0.198443, -0.0158574, 0.560856, 0.534041, 0.262126, -0.504165, 0.760466, 0.378607, 0.155453
# 129170,0.521907,0.785747,-0.331985,-0.0720401,0.77316,-0.600164,-0.205006,-0.224033,-0.360328,-0.149683,-0.920738,0.710626,0,0,0,1,0.000837359,0.000225225,-0.000356311,-0.00186872,0.0022272,-0.00370626,-2.65128e-08,-5.77873e-09,-1.46448e-09,-0.443305,-0.64909,-0.618194,0.560856,-0.884512,0.204949,0.419089,0.534041,-0.145328,0.732584,-0.664982,0.262126,0,0,0,1,0.00282838,0.000356468,-0.00233224,0.00242396,-0.000552978,-0.00163006,1.03697e-07,6.4541e-08,-2.93622e-08
130573, -0.0722208, -0.215749, 0.708888, 0.872524, 0.445224, -0.200428, -0.017499, 0.569753, 0.535544, 0.250402, -0.509637, 0.754798, 0.383008, 0.154449
# 130573,0.523209,0.783951,-0.334174,-0.0722208,0.769922,-0.60294,-0.209007,-0.215749,-0.365338,-0.147934,-0.919045,0.708888,0,0,0,1,0.000678668,0.000823859,-0.000446532,-0.00183697,0.00224605,-0.00369842,-3.08875e-08,-1.32524e-09,-1.56373e-09,-0.432832,-0.651035,-0.623546,0.569753,-0.887657,0.187151,0.420761,0.535544,-0.157233,0.735614,-0.658901,0.250402,0,0,0,1,0.00319891,0.000389087,-0.00296739,0.00246371,-0.000543254,-0.00160153,1.04348e-07,7.07668e-08,-3.30694e-08
132000, -0.0764434, -0.214166, 0.706138, 0.872822, 0.443733, -0.202411, -0.0176979, 0.571693, 0.533512, 0.245173, -0.514766, 0.749636, 0.386361, 0.154232
# 132000,0.524262,0.781764,-0.337632,-0.0764434,0.767435,-0.605576,-0.210527,-0.214166,-0.369044,-0.148739,-0.917433,0.706138,0,0,0,1,0.000253533,0.000885547,-0.000619701,-0.00182335,0.00224626,-0.00368516,-2.99541e-08,2.21944e-09,-4.28761e-09,-0.422456,-0.652596,-0.629007,0.571693,-0.890953,0.171482,0.420472,0.533512,-0.166535,0.738047,-0.653876,0.245173,0,0,0,1,0.00300713,0.000164259,-0.00307864,0.00248441,-0.000545756,-0.00158816,1.01208e-07,7.10194e-08,-3.40562e-08
133359, -0.0817372, -0.213171, 0.703458, 0.873046, 0.442377, -0.20441, -0.017631, 0.570936, 0.528615, 0.241971, -0.5196, 0.744566, 0.38975, 0.154051
# 133359,0.525039,0.779638,-0.341319,-0.0817372,0.765222,-0.607984,-0.211638,-0.213171,-0.372517,-0.150067,-0.915812,0.703458,0,0,0,1,-0.000201541,0.000912518,-0.000781092,-0.00181486,0.00224543,-0.00367053,-2.85471e-08,5.82771e-09,-7.05709e-09,-0.412568,-0.65367,-0.634431,0.570936,-0.893836,0.156221,0.4203,0.528615,-0.175625,0.74048,-0.648726,0.241971,0,0,0,1,0.0026452,-0.000251304,-0.00305056,0.00250777,-0.000548181,-0.00157619,9.57615e-08,6.9735e-08,-3.41771e-08
134709, -0.0853496, -0.209259, 0.702989, 0.872982, 0.441511, -0.206487, -0.0182961, 0.56768, 0.523367, 0.240367, -0.52392, 0.739825, 0.393027, 0.153941
# 134709,0.524863,0.778417,-0.344363,-0.0853496,0.763306,-0.609467,-0.214277,-0.209259,-0.376674,-0.150388,-0.914057,0.702989,0,0,0,1,-0.00048218,0.0011546,-0.000768342,-0.00179742,0.0022535,-0.00364905,-2.90665e-08,9.51393e-09,-7.24624e-09,-0.40362,-0.654212,-0.639607,0.56768,-0.896223,0.142076,0.420236,0.523367,-0.184051,0.742847,-0.643665,0.240367,0,0,0,1,0.00214027,-0.000660154,-0.00291023,0.00252959,-0.000550397,-0.00157174,8.98242e-08,6.6623e-08,-3.43237e-08
136120, -0.0880943, -0.20445, 0.701248, 0.872754, 0.440857, -0.208759, -0.0190898, 0.563082, 0.517133, 0.240055, -0.528253, 0.735096, 0.396162, 0.153747
# 136120,0.524129,0.777491,-0.347559,-0.0880943,0.76155,-0.610561,-0.217388,-0.20445,-0.381223,-0.150745,-0.91211,0.701248,0,0,0,1,-0.000666395,0.00142892,-0.000849444,-0.00177921,0.00226459,-0.00362527,-3.06763e-08,1.24667e-08,-7.94062e-09,-0.394622,-0.654816,-0.644586,0.563082,-0.898451,0.128009,0.42,0.517133,-0.192509,0.74487,-0.638835,0.240055,0,0,0,1,0.00156627,-0.00109285,-0.00267213,0.00254704,-0.000549799,-0.00157347,8.35181e-08,6.23614e-08,-3.40993e-08
137524, -0.0910839, -0.198908, 0.69753, 0.872604, 0.439955, -0.21123, -0.0195882, 0.565976, 0.516477, 0.233959, -0.532185, 0.730021, 0.400677, 0.152664
# 137524,0.523644,0.776088,-0.351404,-0.0910839,0.759537,-0.612113,-0.220049,-0.198908,-0.385876,-0.151678,-0.909997,0.69753,0,0,0,1,-0.000864115,0.00170233,-0.00104624,-0.00176757,0.00227589,-0.00360054,-3.2696e-08,1.53135e-08,-9.75901e-09,-0.386945,-0.654675,-0.649365,0.565976,-0.899351,0.112474,0.422513,0.516477,-0.203572,0.747496,-0.632304,0.233959,0,0,0,1,0.00160666,-0.00106125,-0.00287895,0.00258783,-0.000540083,-0.00157372,8.65497e-08,6.41159e-08,-3.13525e-08
138882, -0.0969461, -0.199519, 0.695625, 0.87235, 0.439357, -0.213494, -0.0197719, 0.565286, 0.514149, 0.231723, -0.535684, 0.725626, 0.40402, 0.152572
# 138882,0.52277,0.774989,-0.35511,-0.0969461,0.758104,-0.613148,-0.222097,-0.199519,-0.389857,-0.153105,-0.908059,0.695625,0,0,0,1,-0.00124215,0.00151212,-0.00109729,-0.00175874,0.00228198,-0.00357402,-2.95762e-08,1.71575e-08,-1.17195e-08,-0.37953,-0.654128,-0.654274,0.565286,-0.900696,0.0996225,0.422874,0.514149,-0.211433,0.749795,-0.62698,0.231723,0,0,0,1,0.00139859,-0.00115026,-0.00279231,0.00261052,-0.000539346,-0.0015835,8.47854e-08,6.23897e-08,-3.16004e-08
140279, -0.100521, -0.199073, 0.693202, 0.872055, 0.438728, -0.215982, -0.0197282, 0.56225, 0.51038, 0.230541, -0.539781, 0.720939, 0.406848, 0.152831
# 140279,0.521739,0.773712,-0.359387,-0.100521,0.756668,-0.614258,-0.223923,-0.199073,-0.394008,-0.155107,-0.905925,0.693202,0,0,0,1,-0.00140998,0.0014143,-0.00118031,-0.00175452,0.0022884,-0.00354821,-2.83765e-08,1.78096e-08,-1.31616e-08,-0.370559,-0.653941,-0.659581,0.56225,-0.902657,0.0862217,0.421636,0.51038,-0.218855,0.751616,-0.622234,0.230541,0,0,0,1,0.00103155,-0.00132831,-0.00262696,0.00262278,-0.000547498,-0.00158765,8.16976e-08,5.92379e-08,-3.18827e-08
141750, -0.102653, -0.197163, 0.691391, 0.871708, 0.438016, -0.218839, -0.0194275, 0.55794, 0.504674, 0.231156, -0.543875, 0.716143, 0.409806, 0.152965
# 141750,0.520503,0.772147,-0.364508,-0.102653,0.755141,-0.615529,-0.22558,-0.197163,-0.398546,-0.15784,-0.903464,0.691391,0,0,0,1,-0.00144487,0.00142266,-0.00120052,-0.00175491,0.00229526,-0.00352137,-2.84542e-08,1.81218e-08,-1.34159e-08,-0.361603,-0.653612,-0.664857,0.55794,-0.904357,0.0725168,0.420571,0.504674,-0.226677,0.753348,-0.617321,0.231156,0,0,0,1,0.000605556,-0.00162372,-0.00233778,0.002636,-0.000552535,-0.00159415,7.75562e-08,5.50294e-08,-3.11953e-08
143079, -0.104249, -0.196373, 0.689904, 0.871329, 0.437428, -0.221543, -0.0189862, 0.552665, 0.499365, 0.232984, -0.547406, 0.712048, 0.412237, 0.152954
# 143079,0.51915,0.7707,-0.369464,-0.104249,0.753875,-0.616593,-0.226905,-0.196373,-0.402685,-0.160732,-0.901116,0.689904,0,0,0,1,-0.00145229,0.00136409,-0.00120651,-0.00175887,0.00230094,-0.00349421,-2.80964e-08,1.78376e-08,-1.36109e-08,-0.353903,-0.653452,-0.669144,0.552665,-0.905666,0.0608137,0.419609,0.499365,-0.233501,0.754521,-0.613332,0.232984,0,0,0,1,0.000161475,-0.00187278,-0.00201187,0.0026429,-0.000554392,-0.00160592,7.38476e-08,5.02936e-08,-3.05644e-08
144549, -0.106372, -0.195133, 0.688385, 0.872509, 0.433406, -0.224472, -0.0223638, 0.546623, 0.493674, 0.235852, -0.55231, 0.70679, 0.414135, 0.154573
# 144549,0.523543,0.766341,-0.372322,-0.106372,0.746261,-0.623318,-0.2336,-0.195133,-0.411093,-0.15555,-0.898225,0.688385,0,0,0,1,-0.00140933,0.00126026,-0.00122527,-0.00172145,0.00234149,-0.00351619,-2.798e-08,1.68821e-08,-1.3511e-08,-0.342121,-0.652707,-0.675964,0.546623,-0.908763,0.0468912,0.414669,0.493674,-0.23896,0.756158,-0.609199,0.235852,0,0,0,1,-0.00032416,-0.00201764,-0.00158286,0.0026325,-0.000596245,-0.00161859,7.24324e-08,4.21975e-08,-2.90994e-08
145904, -0.104751, -0.189698, 0.688926, 0.871913, 0.433253, -0.227007, -0.0229912, 0.540291, 0.488751, 0.239743, -0.555225, 0.703081, 0.41651, 0.154664
# 145904,0.52152,0.765955,-0.375939,-0.104751,0.745078,-0.623528,-0.236795,-0.189698,-0.415783,-0.15661,-0.895879,0.688926,0,0,0,1,-0.00118235,0.00154457,-0.00107449,-0.00171046,0.00235468,-0.00348326,-3.08696e-08,1.70807e-08,-1.07799e-08,-0.335608,-0.651899,-0.679997,0.540291,-0.909575,0.0364892,0.413934,0.488751,-0.24503,0.757428,-0.605197,0.239743,0,0,0,1,-0.000752749,-0.00219984,-0.00118131,0.00263905,-0.000595604,-0.00164161,6.95882e-08,3.68311e-08,-2.82076e-08
147288, -0.102512, -0.182974, 0.690196, 0.871196, 0.433399, -0.229308, -0.0245033, 0.534248, 0.484801, 0.243667, -0.557946, 0.6996, 0.418732, 0.154662
# 147288,0.519165,0.766389,-0.378305,-0.102512,0.743914,-0.623129,-0.241458,-0.182974,-0.420784,-0.15607,-0.893635,0.690196,0,0,0,1,-0.00092848,0.00188926,-0.000882451,-0.00168648,0.00237285,-0.00344808,-3.41835e-08,1.75103e-08,-7.41187e-09,-0.329553,-0.651154,-0.683662,0.534248,-0.910201,0.0267209,0.413303,0.484801,-0.250856,0.758475,-0.601487,0.243667,0,0,0,1,-0.00111711,-0.00229066,-0.000813343,0.00264176,-0.000593434,-0.00166955,6.77839e-08,3.19636e-08,-2.75469e-08
148668, -0.100251, -0.176457, 0.691618, 0.870477, 0.433597, -0.231437, -0.0264562, 0.529153, 0.48116, 0.247905, -0.560292, 0.696383, 0.420949, 0.154683
# 148668,0.516861,0.767119,-0.379978,-0.100251,0.742627,-0.622587,-0.24676,-0.176457,-0.425864,-0.154642,-0.891474,0.691618,0,0,0,1,-0.000695784,0.00218431,-0.000696851,-0.00165674,0.00239268,-0.00341049,-3.70146e-08,1.77892e-08,-4.24719e-09,-0.324293,-0.650127,-0.687145,0.529153,-0.910582,0.0177513,0.412947,0.48116,-0.256271,0.759618,-0.597751,0.247905,0,0,0,1,-0.00137696,-0.0023515,-0.000458323,0.00264469,-0.000589851,-0.0017028,6.66563e-08,2.78347e-08,-2.64838e-08
150044, -0.0981196, -0.170199, 0.692217, 0.869742, 0.433813, -0.233542, -0.0285199, 0.523631, 0.478803, 0.252034, -0.562212, 0.693453, 0.423261, 0.154567
# 150044,0.514529,0.767932,-0.381498,-0.0981196,0.741289,-0.621987,-0.252237,-0.170199,-0.430987,-0.153017,-0.88929,0.692217,0,0,0,1,-0.000492527,0.00242871,-0.000587371,-0.00162623,0.0024137,-0.00337343,-3.95933e-08,1.78574e-08,-1.9656e-09,-0.320055,-0.64889,-0.690295,0.523631,-0.910579,0.00953595,0.413225,0.478803,-0.261555,0.760823,-0.593918,0.252034,0,0,0,1,-0.00164237,-0.00231426,-0.000145022,0.00264888,-0.000582784,-0.00174176,6.62943e-08,2.38522e-08,-2.61365e-08
151437, -0.0965328, -0.164239, 0.692093, 0.869286, 0.433258, -0.235983, -0.0306918, 0.518033, 0.475523, 0.25621, -0.56371, 0.691463, 0.424693, 0.154101
# 151437,0.5132,0.767735,-0.383678,-0.0965328,0.738764,-0.622691,-0.257843,-0.164239,-0.436868,-0.151123,-0.886741,0.692093,0,0,0,1,-0.00034081,0.00261794,-0.000542814,-0.00159867,0.00243862,-0.00334674,-4.16545e-08,1.7888e-08,-5.67665e-10,-0.316969,-0.648678,-0.691916,0.518033,-0.910459,0.00373478,0.413582,0.475523,-0.265697,0.761054,-0.591779,0.25621,0,0,0,1,-0.00188627,-0.00233902,0.000147853,0.00263468,-0.000564996,-0.00179346,5.9928e-08,1.81323e-08,-3.16309e-08
152941, -0.0945423, -0.160325, 0.693624, 0.868507, 0.433331, -0.238503, -0.0321889, 0.512583, 0.473319, 0.259967, -0.566157, 0.688126, 0.426863, 0.154069
# 152941,0.510681,0.768057,-0.386386,-0.0945423,0.737348,-0.622376,-0.262614,-0.160325,-0.44218,-0.150789,-0.884161,0.693624,0,0,0,1,-0.000173368,0.00262442,-0.000376233,-0.00157675,0.00245601,-0.00330953,-4.19789e-08,1.68519e-08,1.58636e-09,-0.311459,-0.647642,-0.69538,0.512583,-0.910707,-0.00549063,0.413017,0.473319,-0.271305,0.761926,-0.588102,0.259967,0,0,0,1,-0.00208072,-0.00226976,0.000376649,0.00263453,-0.000559672,-0.00183061,6.00121e-08,1.52055e-08,-3.15541e-08
154299, -0.0934673, -0.157094, 0.694984, 0.867637, 0.433833, -0.240549, -0.0336232, 0.508179, 0.471605, 0.263453, -0.567962, 0.685379, 0.428908, 0.153991
# 154299,0.50785,0.768996,-0.388244,-0.0934673,0.736644,-0.621317,-0.267061,-0.157094,-0.446592,-0.15037,-0.882012,0.694984,0,0,0,1,-8.93361e-05,0.00261399,-0.000244485,-0.00155494,0.00247186,-0.00327004,-4.18723e-08,1.62933e-08,3.10333e-09,-0.307411,-0.646443,-0.698291,0.508179,-0.910634,-0.0130858,0.413006,0.471605,-0.276122,0.76285,-0.58465,0.263453,0,0,0,1,-0.00219922,-0.00219552,0.000567941,0.00263543,-0.000552792,-0.00186896,6.03418e-08,1.30628e-08,-3.1273e-08
155693, -0.0921739, -0.155019, 0.69669, 0.866684, 0.434406, -0.242632, -0.0357727, 0.50426, 0.469572, 0.266569, -0.569961, 0.682518, 0.430838, 0.153926
# 155693,0.504842,0.770345,-0.389491,-0.0921739,0.735626,-0.620024,-0.272809,-0.155019,-0.45165,-0.148794,-0.8797,0.69669,0,0,0,1,6.34294e-06,0.00250911,-9.89597e-05,-0.00152433,0.00249074,-0.00323037,-4.10394e-08,1.50736e-08,4.59681e-09,-0.302903,-0.645382,-0.701236,0.50426,-0.910651,-0.0209528,0.412645,0.469572,-0.281007,0.763572,-0.581371,0.266569,0,0,0,1,-0.00226841,-0.00214527,0.000716784,0.00263506,-0.000545562,-0.00190451,6.05731e-08,1.15719e-08,-3.08511e-08
157182, -0.0912412, -0.153035, 0.698573, 0.865722, 0.434864, -0.244973, -0.0375129, 0.497021, 0.466392, 0.271065, -0.572875, 0.679155, 0.432117, 0.154397
# 157182,0.501762,0.771322,-0.391531,-0.0912412,0.734563,-0.618972,-0.278012,-0.153035,-0.456783,-0.148109,-0.877162,0.698573,0,0,0,1,6.81657e-05,0.00239244,4.49458e-05,-0.00149991,0.00250822,-0.00319044,-3.99332e-08,1.40401e-08,5.9043e-09,-0.295952,-0.644706,-0.704816,0.497021,-0.911576,-0.0298203,0.410048,0.466392,-0.285378,0.763849,-0.578874,0.271065,0,0,0,1,-0.00255076,-0.00216077,0.000941367,0.00262138,-0.000550271,-0.00193443,5.97171e-08,8.14172e-09,-3.10632e-08
158615, -0.0930457, -0.156157, 0.697474, 0.864893, 0.434911, -0.247746, -0.0378809, 0.492493, 0.462832, 0.275482, -0.575157, 0.676225, 0.433574, 0.154686
# 158615,0.498949,0.771072,-0.395598,-0.0930457,0.733533,-0.618835,-0.281021,-0.156157,-0.461497,-0.149969,-0.874374,0.697474,0,0,0,1,-7.23132e-05,0.00192864,-3.96064e-05,-0.00149511,0.00251874,-0.0031579,-3.61475e-08,1.20772e-08,3.60645e-09,-0.290534,-0.643735,-0.707952,0.492493,-0.912007,-0.0375833,0.40845,0.462832,-0.28954,0.764325,-0.576172,0.275482,0,0,0,1,-0.00262336,-0.00221399,0.00114541,0.00261209,-0.000550914,-0.00196758,5.91901e-08,6.27422e-09,-2.99094e-08
160017, -0.0823961, -0.175945, 0.726764, 0.870575, 0.429015, -0.237978, -0.0375788, 0.516919, 0.481499, 0.29827, -0.576414, 0.673683, 0.43522, 0.156464
# 160017,0.518624,0.764866,-0.382112,-0.0823961,0.729094,-0.629068,-0.269623,-0.175945,-0.446599,-0.138762,-0.883909,0.726764,0,0,0,1,0.000733439,0.000368782,0.00204645,-0.00140171,0.00236374,-0.00324919,-1.94764e-08,-4.66508e-10,2.16147e-08,-0.286532,-0.640448,-0.712549,0.516919,-0.912834,-0.0433402,0.406025,0.481499,-0.29092,0.766778,-0.572205,0.29827,0,0,0,1,-0.000607752,-0.000713975,0.0026615,0.00260845,-0.000567703,-0.00202002,8.32224e-08,7.74067e-09,-1.38775e-08
161325, -0.0851429, -0.179506, 0.724117, 0.870272, 0.43008, -0.237272, -0.0368902, 0.511771, 0.47736, 0.302572, -0.579014, 0.671005, 0.435747, 0.15691
# 161325,0.517467,0.766078,-0.381251,-0.0851429,0.731066,-0.627341,-0.268301,-0.179506,-0.444714,-0.139883,-0.884682,0.724117,0,0,0,1,0.000522908,0.000112622,0.00182649,-0.00139906,0.00234579,-0.00322739,-1.74891e-08,-7.3497e-10,1.83408e-08,-0.280245,-0.640296,-0.715181,0.511771,-0.913788,-0.0502642,0.40307,0.47736,-0.294032,0.766482,-0.571008,0.302572,0,0,0,1,-0.000941922,-0.000966252,0.00269737,0.00258904,-0.00057116,-0.00204502,7.96919e-08,5.40017e-09,-1.46412e-08
162648, -0.0869933, -0.18448, 0.723506, 0.870285, 0.429275, -0.238794, -0.0361276, 0.507669, 0.474054, 0.305675, -0.580923, 0.668495, 0.436948, 0.157223
# 162648,0.517401,0.764436,-0.38462,-0.0869933,0.729928,-0.628836,-0.267899,-0.18448,-0.446655,-0.142134,-0.883345,0.723506,0,0,0,1,0.000316281,-0.000254099,0.00156204,-0.00139723,0.00233025,-0.00320571,-1.48533e-08,-1.78787e-09,1.43869e-08,-0.275619,-0.639293,-0.717872,0.507669,-0.914085,-0.0567907,0.401527,0.474054,-0.297462,0.766864,-0.568715,0.305675,0,0,0,1,-0.00117991,-0.00113078,0.00263065,0.00257921,-0.000570542,-0.00207927,7.69321e-08,4.4396e-09,-1.58161e-08
164189, -0.0822879, -0.195573, 0.743032, 0.873045, 0.426785, -0.233504, -0.0335067, 0.526132, 0.479651, 0.322392, -0.582113, 0.665892, 0.439359, 0.157153
# 164189,0.526661,0.760853,-0.379118,-0.0822879,0.729558,-0.633464,-0.257818,-0.195573,-0.436319,-0.140806,-0.888707,0.743032,0,0,0,1,0.000839921,-0.00103868,0.0031711,-0.00136136,0.00221358,-0.00322491,-4.63388e-09,-8.20433e-09,2.90083e-08,-0.272895,-0.637155,-0.720806,0.526132,-0.913341,-0.0637827,0.402169,0.479651,-0.302219,0.768092,-0.564534,0.322392,0,0,0,1,0.000689354,-0.000527035,0.00382669,0.0025827,-0.000559757,-0.00212882,9.12375e-08,7.75164e-09,1.39314e-09
165662, -0.08262, -0.197684, 0.743913, 0.873358, 0.426005, -0.233719, -0.0337797, 0.521218, 0.476993, 0.325765, -0.583961, 0.663238, 0.44094, 0.157086
# 165662,0.527791,0.759899,-0.37946,-0.08262,0.728319,-0.634758,-0.258135,-0.197684,-0.437022,-0.140127,-0.888469,0.743913,0,0,0,1,0.000701011,-0.00105131,0.00284298,-0.00133883,0.00219379,-0.00321164,-5.30177e-09,-7.74819e-09,2.56185e-08,-0.268626,-0.63608,-0.723355,0.521218,-0.913142,-0.0708777,0.401432,0.476993,-0.306612,0.768361,-0.561792,0.325765,0,0,0,1,0.000204004,-0.000712722,0.00361502,0.00257461,-0.000552895,-0.0021683,8.7167e-08,6.18303e-09,-2.26733e-09
167018, -0.082031, -0.197325, 0.74169, 0.87363, 0.425296, -0.233931, -0.0342277, 0.515907, 0.475058, 0.327615, -0.585289, 0.661145, 0.442358, 0.156985
# 167018,0.5288,0.759116,-0.379624,-0.082031,0.727088,-0.635904,-0.258784,-0.197325,-0.437851,-0.139175,-0.88821,0.74169,0,0,0,1,0.000638804,-0.000880295,0.00232286,-0.00131643,0.00217751,-0.0031983,-8.60846e-09,-7.01348e-09,2.1248e-08,-0.265586,-0.635035,-0.725393,0.515907,-0.912808,-0.0764864,0.401162,0.475058,-0.310235,0.768688,-0.559351,0.327615,0,0,0,1,-0.000282724,-0.000847411,0.00333623,0.00256653,-0.000544571,-0.00221097,8.33261e-08,5.1124e-09,-6.53818e-09
168421, -0.0812477, -0.194414, 0.739314, 0.873812, 0.424468, -0.234646, -0.0349549, 0.509976, 0.473466, 0.328412, -0.586401, 0.659208, 0.443751, 0.157047
# 168421,0.529537,0.758213,-0.380399,-0.0812477,0.725405,-0.637211,-0.260287,-0.194414,-0.439748,-0.138112,-0.887439,0.739314,0,0,0,1,0.000580121,-0.000522164,0.00183703,-0.00129513,0.00216825,-0.00318379,-1.31413e-08,-5.06841e-09,1.7643e-08,-0.26294,-0.633741,-0.727486,0.509976,-0.9125,-0.0815628,0.400864,0.473466,-0.313379,0.769234,-0.556842,0.328412,0,0,0,1,-0.000761587,-0.000957335,0.00298702,0.00255846,-0.000536003,-0.00225694,7.94729e-08,4.62176e-09,-1.12496e-08
169754, -0.0802602, -0.19083, 0.736947, 0.873767, 0.42408, -0.235258, -0.0366107, 0.503419, 0.471738, 0.32831, -0.587243, 0.657677, 0.444875, 0.157139
# 169754,0.52962,0.758321,-0.380069,-0.0802602,0.723869,-0.637632,-0.263515,-0.19083,-0.442173,-0.135558,-0.886627,0.736947,0,0,0,1,0.000540749,-0.000155479,0.00141604,-0.00126445,0.00216796,-0.00316536,-1.7538e-08,-3.13627e-09,1.46878e-08,-0.260906,-0.632619,-0.729192,0.503419,-0.912247,-0.085536,0.400611,0.471738,-0.315806,0.769725,-0.554788,0.32831,0,0,0,1,-0.0012325,-0.00106894,0.00262555,0.0025473,-0.00052856,-0.00230406,7.55422e-08,4.28756e-09,-1.59333e-08
171202, -0.0792554, -0.18628, 0.7336, 0.873604, 0.423713, -0.2362, -0.0386324, 0.4976, 0.470917, 0.327486, -0.587978, 0.656024, 0.446372, 0.157055
# 171202,0.529353,0.758565,-0.379953,-0.0792554,0.722065,-0.63795,-0.267661,-0.18628,-0.445429,-0.132663,-0.885434,0.7336,0,0,0,1,0.000496333,0.000236992,0.000965767,-0.00123175,0.00217358,-0.00314538,-2.22382e-08,-1.04453e-09,1.15186e-08,-0.25923,-0.631245,-0.730978,0.4976,-0.911665,-0.0899336,0.400971,0.470917,-0.318851,0.770352,-0.552171,0.327486,0,0,0,1,-0.00158246,-0.00108486,0.00222011,0.00253916,-0.000516489,-0.00235702,7.2634e-08,5.13085e-09,-2.04128e-08
172596, -0.079163, -0.182003, 0.73064, 0.873176, 0.423829, -0.237228, -0.0406941, 0.491658, 0.469782, 0.326181, -0.588559, 0.654663, 0.44757, 0.15715
# 172596,0.528184,0.759462,-0.379789,-0.079163,0.720847,-0.637426,-0.272155,-0.182003,-0.448779,-0.130022,-0.884134,0.73064,0,0,0,1,0.000388767,0.000566967,0.00060953,-0.00119938,0.00218131,-0.00312232,-2.57305e-08,1.2912e-09,8.80825e-09,-0.257804,-0.629945,-0.732603,0.491658,-0.911287,-0.0934416,0.40103,0.469782,-0.321082,0.770999,-0.549971,0.326181,0,0,0,1,-0.00189396,-0.00112176,0.00183746,0.00252909,-0.000506314,-0.00240981,6.96778e-08,6.05653e-09,-2.43853e-08
