# Augmented data file with coordinate frame info.
4164.76,  0.263729,  0.469762,  0.630785,  -0.426552,  0.815535,  0.345949,  0.182416,  -0.187306,  -0.270763,  0.759766,  -0.317772,  0.824386,  -0.2414,  -0.401417, 0.3, -0.170856828366, -0.177799077335, -0.246584768579, 0.119023654129, 0.122594133884, 0.000720836645127, 0.215966001858, -0.208226238587, 0.3, -0.0990387464827, 0.244579412058, -0.215321119683, 0.204448282543, -0.042868580381, -0.15252730092, -0.19593934383, -0.168354376282
5684.64,  0.21773,  0.617921,  0.789277,  -0.44312,  0.806143,  0.345129,  0.186183,  -0.0623298,  -0.190701,  0.847511,  -0.317885,  0.824969,  -0.241405,  -0.400125, 0.3, -0.175776558905, -0.181814209521, -0.252885141495, 0.110718384696, 0.117433149073, -0.00170606417469, 0.216434841534, -0.207733118966, 0.3, -0.0993917462579, 0.244097577845, -0.215302227903, 0.204403758129, -0.0431746954025, -0.152010846305, -0.195807008145, -0.168974312151
7258.63,  0.178512,  0.772216,  0.949445,  -0.466342,  0.792529,  0.344237,  0.189538,  0.0701785,  -0.105317,  0.941492,  -0.317964,  0.825637,  -0.241446,  -0.398656, 0.3, -0.182605986017, -0.186447762527, -0.260901111067, 0.0984157859384, 0.110656872007, -0.00619068045606, 0.216724218649, -0.207345818686, 0.3, -0.0997613341442, 0.243549685493, -0.215265970958, 0.204361666629, -0.0435530820961, -0.151424353527, -0.195662938296, -0.169666377743
8852.76,  0.151158,  0.928399,  1.10223,  -0.493457,  0.775592,  0.343264,  0.192686,  0.205532,  -0.0189035,  1.04093,  -0.31804,  0.826354,  -0.241485,  -0.397084, 0.3, -0.189947323083, -0.191298887553, -0.269317857761, 0.0832021891295, 0.102690248879, -0.0119641721961, 0.216788860825, -0.207025236157, 0.3, -0.100154169365, 0.242960041508, -0.215221840412, 0.204321435544, -0.0439580525828, -0.150797874058, -0.19550420286, -0.170405715408
10331.4,  0.140883,  1.06999,  1.2303,  -0.522068,  0.756729,  0.34102,  0.196245,  0.325055,  0.0589691,  1.13709,  -0.318003,  0.82701,  -0.241549,  -0.395704, 0.3, -0.196884213714, -0.195923845986, -0.277192336116, 0.0666903382877, 0.0933638451305, -0.0177187989014, 0.216307663223, -0.207116003719, 0.3, -0.100445951443, 0.242438919844, -0.215144350085, 0.204316810084, -0.0443570709581, -0.150262861824, -0.195359289403, -0.171043329015
11832.8,  0.148885,  1.20227,  1.3393,  -0.552591,  0.735096,  0.337477,  0.200962,  0.430683,  0.132213,  1.23381,  -0.317914,  0.827663,  -0.241581,  -0.39439, 0.3, -0.203032551663, -0.200527990782, -0.284416664473, 0.0484513241422, 0.0822169700171, -0.0232562484386, 0.215476801894, -0.207434073272, 0.3, -0.100709094028, 0.241934346056, -0.21504162734, 0.204341605, -0.044739322491, -0.149771986474, -0.195197814655, -0.171657115266
13324.5,  0.178737,  1.31182,  1.4188,  -0.585006,  0.710625,  0.331229,  0.207526,  0.511343,  0.195082,  1.32423,  -0.317604,  0.828374,  -0.24165,  -0.393103, 0.3, -0.208188838483, -0.204746551209, -0.290675226676, 0.0288330897292, 0.068385419014, -0.0277786842365, 0.214070223216, -0.208332148826, 0.3, -0.100860885578, 0.2414310718, -0.21485283928, 0.204439831478, -0.0451952736288, -0.149332307701, -0.195016504598, -0.17224524612
14869.3,  0.230847,  1.3949,  1.46929,  -0.618926,  0.683013,  0.321408,  0.217073,  0.56616,  0.246278,  1.40578,  -0.31698,  0.82912,  -0.241731,  -0.391982, 0.3, -0.211779315555, -0.208314881454, -0.295502118998, 0.00817648534623, 0.0511042342164, -0.0303984538956, 0.212326791975, -0.209745720839, 0.3, -0.100836148057, 0.240974390598, -0.214541182303, 0.204653887615, -0.0457041286973, -0.149025725211, -0.19480466506, -0.172749748758
16424.7,  0.299223,  1.44393,  1.48937,  -0.651686,  0.653335,  0.308432,  0.230927,  0.588978,  0.279785,  1.4675,  -0.315638,  0.829815,  -0.24182,  -0.39154, 0.3, -0.21272664398, -0.211124349057, -0.298197074646, -0.0118953256654, 0.0306105521021, -0.03007690969, 0.211201032593, -0.210925350149, 0.3, -0.100343289712, 0.240739823525, -0.213961846124, 0.205137516929, -0.0462485410754, -0.149146796227, -0.194550310609, -0.172931806841
17942.4,  0.34015,  1.36387,  1.48395,  0.66619,  -0.633404,  -0.298234,  -0.256994,  0.571749,  0.314039,  1.47226,  -0.31423,  0.830188,  -0.241798,  -0.391895, 0.3, -0.207194007589, -0.216877099871, -0.299167301497, -0.0196518436329, 0.010617474132, -0.0215397062337, 0.21606584242, -0.207006262694, 0.3, -0.0996662718016, 0.240795889327, -0.213377519402, 0.205675994538, -0.0465555526712, -0.149619718839, -0.194329667154, -0.172771294487
19465.8,  0.421551,  1.35692,  1.45528,  0.695614,  -0.599025,  -0.283801,  -0.277035,  0.530015,  0.295225,  1.49239,  -0.315246,  0.829925,  -0.24119,  -0.39201, 0.3, -0.20284017913, -0.218019845144, -0.297187439234, -0.0386527049647, -0.0136233021157, -0.0188790123645, 0.217627732905, -0.205625272675, 0.3, -0.100248986555, 0.24082384863, -0.21370765657, 0.205468406252, -0.0459540156664, -0.149582829556, -0.194249516671, -0.172893326578
21015.4,  0.487663,  1.30943,  1.4094,  0.715508,  -0.566289,  -0.271209,  -0.306286,  0.453011,  0.249897,  1.48719,  -0.314686,  0.82943,  -0.240109,  -0.394165, 0.3, -0.193270003467, -0.2204990806, -0.292950990806, -0.0513034835994, -0.0393404315705, -0.0123634853974, 0.223639572371, -0.199580775373, 0.3, -0.0998204886978, 0.241494782535, -0.21339159017, 0.205992213277, -0.045069250206, -0.150824033894, -0.193915131193, -0.172188944751
22558.3,  0.50515,  1.23681,  1.35166,  0.723609,  -0.535887,  -0.267281,  -0.343184,  0.352615,  0.182491,  1.46531,  -0.313776,  0.828059,  -0.238286,  -0.398852, 0.3, -0.17762778887, -0.226389038035, -0.287699746397, -0.0570297375967, -0.0630592178242, -0.00569946001313, 0.234938242206, -0.186471280643, 0.3, -0.0988704939815, 0.243024795927, -0.212919485942, 0.206858663034, -0.0432987994487, -0.153302702265, -0.193478988388, -0.17048214725
24071.1,  0.45858,  1.14432,  1.29357,  0.719536,  -0.509805,  -0.273888,  -0.383864,  0.256471,  0.093841,  1.43087,  -0.316727,  0.823307,  -0.2355,  -0.407908, 0.3, -0.1570124785, -0.235660978804, -0.28317544603, -0.0556482283645, -0.0819447462957, -0.000825894164038, 0.249500212976, -0.166580195772, 0.3, -0.0988207733119, 0.246253731827, -0.21409562077, 0.206534216652, -0.0388160085415, -0.156746645398, -0.193850643832, -0.166890434244
25612.8,  0.256534,  0.86051,  1.20257,  0.676127,  -0.578709,  -0.291152,  -0.350968,  -0.11866,  0.0033051,  1.1432,  -0.302954,  0.83487,  -0.240189,  -0.391816, 0.3, -0.1734574728, -0.239978476941, -0.296079533242, -0.0251503728074, -0.0412840010547, 0.00375156776402, 0.243474770515, -0.175231166925, 0.3, -0.0952904280002, 0.239929086923, -0.208222347685, 0.210316832925, -0.0490946403666, -0.152609587984, -0.191537370035, -0.173273626197
27167.5,  0.157234,  0.835112,  1.13518,  0.664027,  -0.570311,  -0.320222,  -0.362313,  -0.156767,  -0.179687,  1.15207,  -0.358811,  0.804452,  -0.258588,  -0.396539, 0.3, -0.157608890519, -0.251560453868, -0.296833695606, -0.0260846092031, -0.0347757144511, -0.00360298119486, 0.253927215541, -0.159712202835, 0.3, -0.111663679479, 0.247068662633, -0.234712039619, 0.182632063754, -0.0394434753394, -0.135727520526, -0.210182663352, -0.165533344671
28687.6,  0.0749178,  0.758151,  1.07335,  0.651331,  -0.566215,  -0.334238,  -0.378752,  -0.233219,  -0.281151,  1.08616,  -0.369974,  0.794317,  -0.260443,  -0.4054, 0.3, -0.145320098526, -0.25929288026, -0.297232130041, -0.0215683908265, -0.0344654230822, -0.00194670500646, 0.261566193308, -0.14689907031, 0.3, -0.112975830338, 0.251023956843, -0.239676144347, 0.17717320658, -0.034132106606, -0.13539538759, -0.214117062911, -0.160692166547
30306.2,  -0.00361939,  0.685504,  1.01236,  0.637018,  -0.567153,  -0.347004,  -0.390044,  -0.312672,  -0.377412,  1.00295,  -0.375741,  0.786784,  -0.261204,  -0.4142, 0.3, -0.135563829616, -0.265357303827, -0.297979933175, -0.015722049562, -0.0309963962838, 0.000100098340377, 0.267161496585, -0.136472432099, 0.3, -0.112461838791, 0.254418710211, -0.242290735795, 0.174354643898, -0.0299275374671, -0.13664459242, -0.216685931631, -0.156126430804
31845.4,  -0.0884851,  0.617232,  0.94031,  0.624219,  -0.567694,  -0.360405,  -0.397722,  -0.385311,  -0.459418,  0.915499,  -0.378481,  0.781117,  -0.26204,  -0.421833, 0.3, -0.126614580651, -0.270453519336, -0.298623710304, -0.0117245525366, -0.0261995135873, 0.000487646433176, 0.271719124896, -0.127155335581, 0.3, -0.111060530298, 0.257206936417, -0.243705116387, 0.172852261496, -0.0270168825431, -0.138194304433, -0.218603875322, -0.152035127246
33383.2,  -0.136964,  0.502126,  0.757264,  -0.580199,  0.667074,  0.366854,  0.289482,  -0.609301,  -0.451672,  0.705772,  -0.345063,  0.817661,  -0.248572,  -0.38804, 0.3, -0.168502774546, -0.243572473932, -0.295939893561, 0.0172724389126, 0.0460569457615, -0.0118454415705, 0.247605488276, -0.168971026184, 0.3, -0.111413088528, 0.241834646969, -0.227160019835, 0.191486207749, -0.0416095858009, -0.138907156613, -0.202287310395, -0.172582287315
34925,  -0.188684,  0.46467,  0.695074,  -0.562301,  0.677144,  0.377707,  0.287457,  -0.637238,  -0.533899,  0.689417,  -0.361573,  0.806836,  -0.259976,  -0.388193, 0.3, -0.163310452073, -0.244220757943, -0.293599810158, 0.024693146598, 0.0564747730076, -0.0106411391082, 0.250439503183, -0.164823606937, 0.3, -0.114485470681, 0.244324864917, -0.235590423033, 0.181006549287, -0.0416387042338, -0.13152458017, -0.210070716946, -0.169031295011
36455.4,  -0.235576,  0.433657,  0.6517,  -0.545521,  0.688874,  0.383876,  0.283721,  -0.660869,  -0.584485,  0.659427,  -0.366904,  0.802624,  -0.263533,  -0.389521, 0.3, -0.160129100426, -0.242916521578, -0.290825658272, 0.0330273497274, 0.0657999290342, -0.00837864843885, 0.251531042551, -0.163284821351, 0.3, -0.11510058159, 0.245598108793, -0.238282536705, 0.177559097672, -0.0411606551846, -0.129568544123, -0.212660816681, -0.16729425998
38003.1,  -0.262621,  0.39844,  0.607625,  -0.529295,  0.703091,  0.386388,  0.276068,  -0.68331,  -0.622672,  0.626259,  -0.368535,  0.800889,  -0.264918,  -0.390612, 0.3, -0.159284012076, -0.239168646238, -0.287287326494, 0.0423305097103, 0.0753267547663, -0.00624739004612, 0.25067255822, -0.164694379603, 0.3, -0.115005227128, 0.246280917991, -0.239181342607, 0.176400308232, -0.0409294100154, -0.129123112501, -0.21367435267, -0.166344500448
39556.1,  -0.274729,  0.361248,  0.564061,  -0.512267,  0.719049,  0.387235,  0.265708,  -0.699955,  -0.652501,  0.596633,  -0.369318,  0.800086,  -0.265029,  -0.391442, 0.3, -0.159272081652, -0.233654722818, -0.2827417287, 0.0525791012111, 0.0853964458724, -0.00438638126759, 0.248732470985, -0.167669071499, 0.3, -0.115045538377, 0.246640197884, -0.239537641524, 0.176018381148, -0.0404876251599, -0.129184292411, -0.213967412466, -0.165919754691
41173.1,  -0.250801,  0.299871,  0.549252,  -0.486761,  0.734625,  0.420437,  0.215922,  -0.716294,  -0.664847,  0.601793,  -0.359154,  0.8238,  -0.251461,  -0.359346, 0.3, -0.1600831622, -0.217964476345, -0.269021107716, 0.051777810903, 0.122256704934, -0.0276183882877, 0.248379627744, -0.165966216895, 0.3, -0.123305709542, 0.231805424754, -0.231739491315, 0.184665486995, -0.0468558008972, -0.123429579582, -0.201728431083, -0.184582715813
42808.9,  -0.255855,  0.278253,  0.541421,  -0.468411,  0.750811,  0.418666,  0.203946,  -0.72908,  -0.673645,  0.594129,  -0.360304,  0.82381,  -0.250133,  -0.359098, 0.3, -0.159781531338, -0.209539341764, -0.262243714283, 0.0631862365959, 0.131284933728, -0.0257896844262, 0.245921454428, -0.169875043573, 0.3, -0.124199894271, 0.231571517277, -0.231986630046, 0.18456868052, -0.046006582693, -0.123422788945, -0.201267951831, -0.185089239922
44408.2,  -0.246237,  0.258588,  0.530409,  -0.449204,  0.76632,  0.41708,  0.19239,  -0.736172,  -0.676307,  0.587259,  -0.361655,  0.823773,  -0.248281,  -0.359111, 0.3, -0.15839515887, -0.200871742382, -0.254685563654, 0.0745560723517, 0.13991660281, -0.0239530145737, 0.243623409635, -0.173418244054, 0.3, -0.125256654077, 0.231370700122, -0.232249130707, 0.184537376702, -0.044791716708, -0.123620271604, -0.200640791489, -0.185637553419
46053.7,  -0.227137,  0.23619,  0.513595,  -0.428716,  0.781366,  0.415949,  0.180708,  -0.738036,  -0.674032,  0.581258,  -0.363099,  0.823808,  -0.246368,  -0.35889, 0.3, -0.15589140332, -0.191714003131, -0.246089850969, 0.0859132382813, 0.148521718069, -0.0222749607348, 0.241488686814, -0.176598528491, 0.3, -0.126422944046, 0.231067519338, -0.23252578671, 0.184477123465, -0.0435884093882, -0.123720320841, -0.199963572025, -0.186300434981
47668.9,  -0.199908,  0.216196,  0.497151,  -0.407638,  0.795951,  0.414344,  0.169154,  -0.733886,  -0.667222,  0.580226,  -0.364301,  0.824089,  -0.243704,  -0.358847, 0.3, -0.15262304134, -0.182124254633, -0.236728511434, 0.0972903403294, 0.156506234869, -0.0205584227967, 0.239250489928, -0.179823675642, 0.3, -0.127658308176, 0.23070192254, -0.23260117307, 0.184735966625, -0.0420632490637, -0.124164064835, -0.198937123204, -0.187102394465
49209.1,  -0.181606,  0.213119,  0.489193,  -0.453391,  0.775036,  0.399731,  0.18431,  -0.73696,  -0.687595,  0.590057,  -0.351725,  0.836492,  -0.238562,  -0.345917, 0.3, -0.166632081081, -0.19444893989, -0.25504145224, 0.0807908725494, 0.135744954057, -0.0230325489024, 0.236022423654, -0.183746883575, 0.3, -0.127015531378, 0.223959071703, -0.226042738708, 0.191626589787, -0.0467325407381, -0.123269182226, -0.192733766827, -0.19405773326
50834.3,  -0.166806,  0.202721,  0.47812,  -0.428859,  0.79515,  0.392936,  0.171517,  -0.727098,  -0.686892,  0.599216,  -0.351711,  0.83762,  -0.237369,  -0.344019, 0.3, -0.164167161199, -0.182937466291, -0.24504137793, 0.0970088250012, 0.143331821219, -0.0192794318182, 0.231599721622, -0.189709969304, 0.3, -0.127764304498, 0.222985265461, -0.225755541089, 0.191973306914, -0.0466978061639, -0.122803020258, -0.191891979845, -0.195184236778
52446.9,  -0.161619,  0.229369,  0.500733,  -0.412702,  0.809046,  0.387473,  0.15807,  -0.706024,  -0.666322,  0.601526,  -0.353902,  0.837376,  -0.236189,  -0.343176, 0.3, -0.163588256302, -0.172678100774, -0.237085697949, 0.107725005769, 0.148948631951, -0.0192149919245, 0.227231612089, -0.194927110872, 0.3, -0.129176760881, 0.222573018505, -0.226442016781, 0.191380900311, -0.045796987151, -0.12226772736, -0.191537765061, -0.195867014583
54101.5,  -0.144375,  0.239561,  0.51229,  -0.396543,  0.820382,  0.384721,  0.147367,  -0.688933,  -0.641896,  0.604671,  -0.357981,  0.836768,  -0.232637,  -0.342855, 0.3, -0.161172894421, -0.164073350002, -0.229207092444, 0.116846087912, 0.154308458981, -0.0189967062975, 0.224433263674, -0.198163657885, 0.3, -0.13187169202, 0.222101696311, -0.227584544287, 0.190637844303, -0.0431565466815, -0.122166205893, -0.19043914819, -0.196998347643
55739.3,  -0.129147,  0.250955,  0.52986,  -0.384705,  0.828287,  0.383378,  0.13771,  -0.669709,  -0.612137,  0.607581,  -0.362903,  0.836216,  -0.227691,  -0.342346, 0.3, -0.159510695365, -0.156930497616, -0.22286467495, 0.123014027923, 0.158741568574, -0.020054417903, 0.222314837557, -0.200434361636, 0.3, -0.135309747481, 0.221343022668, -0.228848693515, 0.189874906375, -0.0396962895678, -0.122187302629, -0.188782393686, -0.198573590667
57341.4,  -0.132022,  0.262207,  0.543904,  -0.435138,  0.792907,  0.39227,  0.167562,  -0.670653,  -0.608846,  0.613923,  -0.338066,  0.850726,  -0.230036,  -0.330243, 0.3, -0.167576758426, -0.182131714988, -0.246452263287, 0.0940673703623, 0.142872711719, -0.0226983146964, 0.23036787942, -0.190828264786, 0.3, -0.12698021014, 0.215228119225, -0.218141512934, 0.199676925899, -0.0504321881196, -0.121907331229, -0.184404857573, -0.202813833592
58972.8,  -0.129644,  0.26684,  0.550848,  -0.421831,  0.803858,  0.387932,  0.159308,  -0.655512,  -0.59484,  0.617803,  -0.336863,  0.852714,  -0.228384,  -0.327481, 0.3, -0.166375039541, -0.17502176563, -0.240535892848, 0.102940294836, 0.14678480831, -0.0213484537661, 0.227426124086, -0.194477766351, 0.3, -0.127473710129, 0.213708858635, -0.217223333896, 0.200618530444, -0.0506579554803, -0.121387998765, -0.183037314415, -0.204358252311
60614.8,  -0.112315,  0.264785,  0.551726,  -0.407443,  0.814287,  0.3843,  0.152447,  -0.642969,  -0.578005,  0.623879,  -0.337171,  0.854015,  -0.225313,  -0.325896, 0.3, -0.163914143712, -0.168429624581, -0.234216623715, 0.111782169536, 0.150490264633, -0.0194668467151, 0.225026443035, -0.197444021976, 0.3, -0.128712284687, 0.212573437645, -0.216826606445, 0.201329866627, -0.0495227982007, -0.121410631164, -0.181382007306, -0.205815514639
62177.8,  -0.0999064,  0.277355,  0.564094,  -0.397784,  0.821709,  0.381164,  0.145861,  -0.626253,  -0.554521,  0.628864,  -0.338424,  0.855014,  -0.221937,  -0.32429, 0.3, -0.162759565742, -0.162885869664, -0.229475972589, 0.117888994177, 0.153110950152, -0.0190594013892, 0.222736411059, -0.200063066075, 0.3, -0.130431213613, 0.211428824914, -0.216797572286, 0.201727876937, -0.0480070444544, -0.121298236344, -0.179704096174, -0.207347957979
63729.4,  -0.0825001,  0.285837,  0.572513,  -0.389129,  0.827609,  0.379186,  0.140926,  -0.60937,  -0.528599,  0.633216,  -0.340242,  0.855945,  -0.218066,  -0.322555, 0.3, -0.161165666272, -0.158510305953, -0.225290253213, 0.122877993902, 0.155387581299, -0.0185523822073, 0.221193640573, -0.201814723161, 0.3, -0.132533967482, 0.210170527009, -0.216939819967, 0.202009655696, -0.0461434016783, -0.121136359003, -0.177839383909, -0.209043383197
65403,  -0.0650909,  0.293126,  0.562514,  -0.395317,  0.806854,  0.403212,  0.173585,  -0.597936,  -0.509068,  0.639267,  -0.335022,  0.861001,  -0.220915,  -0.312464, 0.3, -0.149382842429, -0.17967248221, -0.233372659993, 0.108686841923, 0.154027179292, -0.0116032772736, 0.236372453515, -0.184373065212, 0.3, -0.131655821424, 0.205825992788, -0.214489431805, 0.203374059653, -0.051315450933, -0.117012299637, -0.176934271823, -0.212137656224
66984.6,  -0.0570637,  0.294449,  0.566725,  -0.387864,  0.812871,  0.400469,  0.168606,  -0.58576,  -0.496222,  0.644977,  -0.333368,  0.863868,  -0.218106,  -0.308267, 0.3, -0.14865698209, -0.175429260174, -0.229682660502, 0.113511872676, 0.156079884117, -0.0109635356442, 0.234555231102, -0.186718088167, 0.3, -0.132450517832, 0.203406748465, -0.21313230274, 0.204777416768, -0.0513890174111, -0.116155355123, -0.174708528435, -0.214440816004
68605,  -0.0420694,  0.289241,  0.567243,  -0.379766,  0.818759,  0.397865,  0.164666,  -0.576134,  -0.484551,  0.652933,  -0.331836,  0.866405,  -0.215249,  -0.304789, 0.3, -0.147253200593, -0.17155042752, -0.225871009082, 0.118488729789, 0.157932606415, -0.00976429840308, 0.232974066858, -0.188753126195, 0.3, -0.13313914265, 0.201298602551, -0.211865679443, 0.206131756917, -0.0512116457925, -0.115585866647, -0.172579452673, -0.216463022122
70236.2,  -0.020044,  0.28142,  0.562509,  -0.370684,  0.824799,  0.395142,  0.161751,  -0.568243,  -0.474936,  0.660485,  -0.329962,  0.86908,  -0.212363,  -0.301211, 0.3, -0.145095019626, -0.167930826605, -0.221792509639, 0.123873809643, 0.159572434815, -0.00783644771088, 0.231522600548, -0.190619714413, 0.3, -0.133678237897, 0.199108690986, -0.210437441052, 0.207616320474, -0.0511032961386, -0.115022717394, -0.170368988333, -0.218504421689
71852.6,  0.00645928,  0.272218,  0.555651,  -0.360858,  0.831023,  0.391929,  0.159921,  -0.562568,  -0.46858,  0.670899,  -0.327535,  0.872084,  -0.208732,  -0.297693, 0.3, -0.142322059644, -0.164597116531, -0.217535213358, 0.129704032207, 0.160795817665, -0.00511960749504, 0.23004628962, -0.192490244561, 0.3, -0.1341000068, 0.196788232345, -0.208665684364, 0.209491051936, -0.05071618408, -0.114747777241, -0.167722053812, -0.220685886008
73416.4,  0.0146705,  0.275759,  0.550283,  -0.368324,  0.823866,  0.395682,  0.17035,  -0.5577,  -0.476792,  0.691608,  -0.320622,  0.877629,  -0.20719,  -0.289897, 0.3, -0.141626956146, -0.171650657353, -0.222512179788, 0.124664108364, 0.157946794623, -0.00323615868803, 0.233239502183, -0.188650104422, 0.3, -0.132794163632, 0.192511186013, -0.204870740161, 0.212564223101, -0.0533332061997, -0.112795507273, -0.164870134235, -0.223819151049
75023.2,  0.0228417,  0.299352,  0.567443,  -0.362875,  0.829041,  0.390934,  0.167878,  -0.545283,  -0.465066,  0.696469,  -0.318175,  0.879962,  -0.207754,  -0.285081, 0.3, -0.141125468799, -0.168622809388, -0.219880557196, 0.129295347265, 0.157909004629, -0.00160945869754, 0.231011504544, -0.191392513989, 0.3, -0.132452935537, 0.190177288186, -0.203524901055, 0.213361884149, -0.055265912121, -0.11085484078, -0.164112541446, -0.225340360379
76626.5,  0.0280899,  0.308013,  0.580097,  -0.357665,  0.833193,  0.387408,  0.166675,  -0.537638,  -0.45468,  0.699936,  -0.316412,  0.88248,  -0.206387,  -0.280209, 0.3, -0.140059599728, -0.1664607785, -0.217545047342, 0.133194530561, 0.157903037988, 0.000186096509436, 0.229439590203, -0.193280727998, 0.3, -0.132837436004, 0.187549263001, -0.202235217261, 0.214372727042, -0.0560825356069, -0.109185289098, -0.162476304416, -0.227332406726
78229.7,  0.0433321,  0.296436,  0.579367,  -0.34853,  0.838542,  0.383923,  0.167264,  -0.536492,  -0.449504,  0.705971,  -0.314473,  0.885218,  -0.203615,  -0.275747, 0.3, -0.136824333113, -0.164439949568, -0.213884132025, 0.138677975419, 0.158183428973, 0.00386952368472, 0.228139257915, -0.194775526657, 0.3, -0.133338607296, 0.184876641077, -0.200714101263, 0.215788569079, -0.056117225601, -0.108038910424, -0.160175245464, -0.22950268969
79842.4,  0.0538303,  0.300392,  0.585917,  -0.342165,  0.841905,  0.381955,  0.168016,  -0.529835,  -0.440337,  0.706826,  -0.312924,  0.888558,  -0.200268,  -0.269139, 0.3, -0.134337535309, -0.163287099789, -0.211347003427, 0.142220080965, 0.158448391323, 0.00645712729488, 0.227435430788, -0.195528592102, 0.3, -0.134490740505, 0.181088597299, -0.199170667102, 0.217182764322, -0.0562378186591, -0.105886187576, -0.157301899543, -0.232474144113
81444.2,  0.0635349,  0.297277,  0.584363,  -0.334214,  0.840878,  0.386547,  0.178343,  -0.526685,  -0.431884,  0.706824,  -0.306229,  0.89586,  -0.192905,  -0.257771, 0.3, -0.127257197634, -0.167492538587, -0.209982771218, 0.143329391476, 0.15926054543, 0.0124651764251, 0.230786245668, -0.191265073098, 0.3, -0.134767856597, 0.173999975237, -0.19443826011, 0.221406842329, -0.0563273750058, -0.103112218284, -0.151051762644, -0.237805036622
82966.3,  0.0789725,  0.292663,  0.580346,  -0.328245,  0.844232,  0.38377,  0.17958,  -0.521324,  -0.425764,  0.705225,  -0.304051,  0.899145,  -0.189474,  -0.251379, 0.3, -0.124918404919, -0.166546519969, -0.207619235441, 0.146985612647, 0.159026673077, 0.0153819464383, 0.229762098239, -0.192283056811, 0.3, -0.135453617912, 0.170181466189, -0.192609328627, 0.222991597214, -0.0563595076097, -0.101049792507, -0.148077901682, -0.240544953112
84481,  0.0959608,  0.284126,  0.573007,  -0.321743,  0.84773,  0.380849,  0.181077,  -0.518524,  -0.422337,  0.702818,  -0.301763,  0.902081,  -0.18704,  -0.245368, 0.3, -0.122272974228, -0.165624017263, -0.205028604576, 0.150861221828, 0.15875819051, 0.0185813515722, 0.228670530506, -0.193299047726, 0.3, -0.135792560962, 0.166670061436, -0.190864892726, 0.224373112606, -0.0568093219825, -0.0989399904805, -0.145660862029, -0.242886375815
86000,  0.114109,  0.274053,  0.560883,  -0.314842,  0.851173,  0.3782,  0.182602,  -0.516755,  -0.420324,  0.700376,  -0.299819,  0.904634,  -0.185312,  -0.239596, 0.3, -0.119354996805, -0.164699532771, -0.202227114068, 0.154703520168, 0.158653758806, 0.0218115953809, 0.227642714764, -0.194172729088, 0.3, -0.136095747622, 0.163383902868, -0.18937571709, 0.225460884074, -0.0574824106076, -0.0967118917914, -0.143684853871, -0.244951980507
87554.2,  0.118889,  0.289341,  0.565335,  -0.313152,  0.851995,  0.37737,  0.183389,  -0.509758,  -0.410042,  0.689625,  -0.29787,  0.906982,  -0.18474,  -0.233513, 0.3, -0.118559142092, -0.16465252447, -0.20160580876, 0.155716523417, 0.15845334395, 0.0228434205399, 0.227367750927, -0.194376140451, 0.3, -0.136214111953, 0.160092343094, -0.187981138067, 0.226286762754, -0.0587995980712, -0.09405814342, -0.142267412667, -0.246805690675
89097.2,  0.10883,  0.297577,  0.570977,  -0.319055,  0.845478,  0.384437,  0.188624,  -0.507199,  -0.405819,  0.679006,  -0.291411,  0.912438,  -0.183719,  -0.220869, 0.3, -0.118343967676, -0.169280400042, -0.20536082462, 0.150247254291, 0.158910963401, 0.0220925379849, 0.23112868254, -0.189977503596, 0.3, -0.135190082845, 0.153040316793, -0.183883517008, 0.228796122243, -0.0619611702541, -0.0887949842973, -0.139197614731, -0.250478491725
90620.7,  0.111412,  0.297704,  0.566002,  -0.317568,  0.846012,  0.384097,  0.189433,  -0.501128,  -0.399151,  0.666577,  -0.289254,  0.914316,  -0.184216,  -0.21546, 0.3, -0.117543285125, -0.169343517138, -0.204855964988, 0.150972200755, 0.158875511669, 0.0229713796613, 0.231064862584, -0.189950901539, 0.3, -0.13486700553, 0.150170218511, -0.182496412635, 0.229437965337, -0.0636653707865, -0.0862279715847, -0.138452558234, -0.251784880473
92177.2,  0.119212,  0.289785,  0.555093,  -0.316121,  0.846783,  0.383409,  0.1898,  -0.495577,  -0.393688,  0.655151,  -0.286852,  0.916304,  -0.184104,  -0.21026, 0.3, -0.116948865218, -0.169153756011, -0.204274060896, 0.151839095995, 0.158798605071, 0.0237094557853, 0.230798292567, -0.190184147222, 0.3, -0.134480270614, 0.147283513419, -0.180931889299, 0.230293033032, -0.0650289963912, -0.0839108332945, -0.137405151841, -0.253137899777
93714.7,  0.132942,  0.279751,  0.538151,  -0.314111,  0.847927,  0.382523,  0.189817,  -0.490978,  -0.390122,  0.64464,  -0.284042,  0.918332,  -0.184044,  -0.205217, 0.3, -0.116240267928, -0.168663341557, -0.203371487514, 0.153006298219, 0.158836742512, 0.0244777601009, 0.230385053372, -0.190587424672, 0.3, -0.13384557624, 0.144440177188, -0.179168337489, 0.231268750492, -0.0664339663663, -0.0817086892962, -0.136382281718, -0.254408261121
95255.6,  0.14802,  0.269657,  0.51731,  -0.311779,  0.84932,  0.381604,  0.189282,  -0.487172,  -0.389062,  0.636654,  -0.280824,  0.920353,  -0.184497,  -0.200123, 0.3, -0.115541635236, -0.16784227858, -0.20221856628, 0.154303330192, 0.159053870569, 0.0250709274523, 0.229870861178, -0.191130415628, 0.3, -0.132921054465, 0.141596976133, -0.177227560829, 0.232259251055, -0.0681618073565, -0.0794235610669, -0.13560100877, -0.255546990528
96830.6,  0.149605,  0.258067,  0.50298,  -0.32034,  0.844045,  0.387115,  0.187381,  -0.492648,  -0.397964,  0.642625,  -0.27504,  0.923881,  -0.181859,  -0.194226, 0.3, -0.118706106036, -0.169299960883, -0.205751758463, 0.148514456726, 0.160030215999, 0.02048975975, 0.232061018987, -0.189018129322, 0.3, -0.131269551016, 0.137676189787, -0.173655665929, 0.234768151421, -0.0687577251601, -0.077653962868, -0.132861657578, -0.257522119432
98353.2,  0.164548,  0.250058,  0.484803,  -0.315646,  0.846426,  0.385828,  0.187264,  -0.488953,  -0.401486,  0.645003,  -0.271626,  0.925843,  -0.182263,  -0.189245, 0.3, -0.1169515226, -0.16817403903, -0.203653519516, 0.15090267719, 0.160479363177, 0.0220320228465, 0.231410292291, -0.189641415811, 0.3, -0.13019447764, 0.134831195683, -0.171585335546, 0.235799671462, -0.0704058773402, -0.075422317406, -0.132090548225, -0.258579893083
99911.6,  0.179189,  0.242329,  0.467539,  -0.309983,  0.849407,  0.383863,  0.187263,  -0.485101,  -0.406301,  0.650918,  -0.267838,  0.927712,  -0.182934,  -0.184792, 0.3, -0.114851042083, -0.166832113452, -0.201111051115, 0.15393583426, 0.160804552331, 0.0240429005285, 0.230462571936, -0.190549053713, 0.3, -0.12880311327, 0.132258301773, -0.169368813892, 0.236878754292, -0.0721294714104, -0.0734622709758, -0.131522674003, -0.259432228079
101460,  0.191693,  0.244471,  0.459101,  -0.305427,  0.852026,  0.381696,  0.18728,  -0.480703,  -0.409627,  0.654288,  -0.263644,  0.929656,  -0.183423,  -0.180522, 0.3, -0.113248677159, -0.165688683714, -0.199029544429, 0.156613448226, 0.16080879416, 0.0257923095807, 0.22944926445, -0.19154057484, 0.3, -0.127191724111, 0.129708959046, -0.166925963385, 0.238108745375, -0.073756003985, -0.0716789473062, -0.130868218807, -0.260260711248
103015,  0.202243,  0.24393,  0.450471,  -0.300094,  0.85513,  0.378964,  0.187302,  -0.47807,  -0.414808,  0.658557,  -0.259512,  0.931804,  -0.182808,  -0.176003, 0.3, -0.111383258371, -0.16433551487, -0.196560160967, 0.159797853568, 0.160713251214, 0.0278656565257, 0.228163134072, -0.192782492558, 0.3, -0.125783612977, 0.126864575433, -0.164393282329, 0.239540914257, -0.0747997267491, -0.0699355883533, -0.129609540942, -0.26136254586
104569,  0.182893,  0.273965,  0.48793,  -0.321454,  0.842846,  0.392705,  0.179053,  -0.482269,  -0.419998,  0.674546,  -0.249235,  0.93418,  -0.18684,  -0.174014, 0.3, -0.120372816392, -0.166290543851, -0.20475088991, 0.145469949057, 0.164059644648, 0.0148065182002, 0.233128460286, -0.188233599614, 0.3, -0.120190495994, 0.125476427426, -0.159205810699, 0.241783661689, -0.0787030544511, -0.0695959697604, -0.130747487979, -0.260885981571
106118,  0.181819,  0.285275,  0.497326,  -0.318553,  0.844377,  0.39137,  0.17995,  -0.478725,  -0.41501,  0.671403,  -0.245968,  0.936038,  -0.185948,  -0.169578, 0.3, -0.119130956507, -0.165970469404, -0.203643308836, 0.147212260095, 0.163883962742, 0.0163641155743, 0.232672227994, -0.188668624954, 0.3, -0.119221533338, 0.122681133612, -0.157060732844, 0.242953893419, -0.0794061198577, -0.0677964656475, -0.12945899606, -0.262000014475
107672,  0.18887,  0.279235,  0.496521,  -0.314357,  0.845355,  0.391642,  0.182131,  -0.476291,  -0.410824,  0.67018,  -0.242772,  0.938053,  -0.184117,  -0.164983, 0.3, -0.11664780263, -0.166248360852, -0.202243933893, 0.148677816488, 0.164293329407, 0.0185099580803, 0.232998276873, -0.188066967929, 0.3, -0.118414080784, 0.119676734125, -0.154865485885, 0.244297619303, -0.0795949400679, -0.0660385985649, -0.127658837041, -0.263328928955
109123,  0.200138,  0.271525,  0.493078,  -0.310244,  0.846273,  0.3918,  0.184566,  -0.474615,  -0.407976,  0.670537,  -0.239762,  0.940015,  -0.181816,  -0.160715, 0.3, -0.114142762579, -0.166647896649, -0.200918210881, 0.150145028871, 0.164585366427, 0.0207837494988, 0.233297878379, -0.187457023609, 0.3, -0.117695545369, 0.116800202031, -0.152760201964, 0.245674296267, -0.0794258197916, -0.0644891408702, -0.125665821741, -0.264668192188
110637,  0.215778,  0.259592,  0.482885,  -0.305363,  0.847413,  0.391898,  0.187246,  -0.473332,  -0.407096,  0.673657,  -0.236782,  0.942261,  -0.178509,  -0.155606, 0.3, -0.1112322945, -0.16700742911, -0.199289853372, 0.151901705808, 0.16495279966, 0.02340211658, 0.233566368369, -0.186812988056, 0.3, -0.117200000388, 0.113333487487, -0.150532479534, 0.247241303281, -0.0788144057719, -0.062612235882, -0.12302803689, -0.266352792471
112044,  0.222756,  0.250795,  0.47685,  -0.299581,  0.84459,  0.400425,  0.191254,  -0.475661,  -0.410239,  0.687162,  -0.229918,  0.947589,  -0.172348,  -0.139674, 0.3, -0.10586421263, -0.16889467806, -0.197763734956, 0.149946523772, 0.168539446851, 0.0249429134019, 0.237294771314, -0.181848955395, 0.3, -0.116277156282, 0.103187686617, -0.145164201817, 0.250460321119, -0.0787209124417, -0.0556365909566, -0.117257197953, -0.270472400209
113527,  0.231148,  0.253618,  0.476708,  -0.295295,  0.845978,  0.399622,  0.193451,  -0.469527,  -0.412035,  0.690453,  -0.227201,  0.949694,  -0.168343,  -0.134614, 0.3, -0.103503587907, -0.168997179299, -0.196272416331, 0.151861715886, 0.168567962068, 0.0273893758268, 0.237118169988, -0.181727255945, 0.3, -0.115866144248, 0.099653955119, -0.143059753277, 0.252024169556, -0.077573996622, -0.0537566846644, -0.114275345445, -0.272123803217
114998,  0.238952,  0.251925,  0.476587,  -0.290703,  0.847167,  0.399043,  0.196378,  -0.464958,  -0.413315,  0.694073,  -0.224098,  0.951658,  -0.165154,  -0.129811, 0.3, -0.100746453958, -0.169420809773, -0.194782392756, 0.15375383996, 0.168581067056, 0.0302171845378, 0.237086289592, -0.181320194811, 0.3, -0.115095554961, 0.096327852976, -0.140822132273, 0.253502527102, -0.0768478744975, -0.0519150179895, -0.111756350964, -0.2735239458
116439,  0.249234,  0.247756,  0.472736,  -0.285919,  0.848073,  0.398926,  0.199702,  -0.461911,  -0.412324,  0.697221,  -0.220792,  0.953338,  -0.163242,  -0.125502, 0.3, -0.0976882861673, -0.170053382197, -0.193287838666, 0.155465070899, 0.168731808366, 0.0331807997959, 0.237250101109, -0.180586334059, 0.3, -0.114001192389, 0.0934129043852, -0.138585801047, 0.254761817421, -0.0767488901066, -0.0501619210169, -0.110000656899, -0.274560807767
117903,  0.258885,  0.240381,  0.467535,  -0.280563,  0.849094,  0.398798,  0.203185,  -0.458873,  -0.412787,  0.702001,  -0.217874,  0.955068,  -0.160459,  -0.120951, 0.3, -0.0943167334673, -0.170646641303, -0.191552439312, 0.157346764442, 0.168966442566, 0.0363811131447, 0.237373860203, -0.179805631443, 0.3, -0.11320606276, 0.090285746281, -0.136495269923, 0.256070306433, -0.076138291627, -0.0483339416546, -0.107760779124, -0.275774263786
119397,  0.263252,  0.233225,  0.472057,  -0.279991,  0.84619,  0.405306,  0.203213,  -0.460102,  -0.415336,  0.71607,  -0.20879,  0.959539,  -0.155527,  -0.107257, 0.3, -0.0927371932714, -0.171263141184, -0.191573236876, 0.154399390554, 0.171640680229, 0.035084832292, 0.239917988447, -0.176659031364, 0.3, -0.110196355289, 0.0812337673217, -0.130213965229, 0.259330896353, -0.0761039385044, -0.042266830158, -0.102976936629, -0.278584395814
120856,  0.274523,  0.226142,  0.465843,  -0.273072,  0.847577,  0.404812,  0.20778,  -0.455532,  -0.416896,  0.723344,  -0.206134,  0.960956,  -0.153322,  -0.102784, 0.3, -0.0884025926373, -0.171991358958, -0.189336759936, 0.156935409683, 0.171822200325, 0.0393400213287, 0.239908855199, -0.175772875948, 0.3, -0.109396010215, 0.0782254792198, -0.128306871261, 0.260400676927, -0.0756890629042, -0.0402996208104, -0.101113799281, -0.279556685052
122326,  0.286953,  0.218958,  0.457746,  -0.265934,  0.848894,  0.404346,  0.212513,  -0.451531,  -0.418263,  0.730061,  -0.203103,  0.962477,  -0.150794,  -0.09823, 0.3, -0.08389264944, -0.172758323245, -0.187007251326, 0.159469964614, 0.172039583636, 0.0437230240497, 0.239856944356, -0.174805444458, 0.3, -0.108401599711, 0.075102440056, -0.126176579613, 0.261606234039, -0.0751109117831, -0.0383504117239, -0.0990518626371, -0.280567236913
123779,  0.284252,  0.2538,  0.479611,  -0.265783,  0.847278,  0.405959,  0.216047,  -0.442716,  -0.408124,  0.718268,  -0.200514,  0.964079,  -0.147557,  -0.0925915, 0.3, -0.0824915494258, -0.174569387472, -0.187739057438, 0.158733959824, 0.171923169791, 0.0450929382641, 0.240829139167, -0.173112543297, 0.3, -0.107789240528, 0.0713116278842, -0.124184262129, 0.262812656767, -0.0742143953843, -0.0358069502265, -0.0964934560954, -0.281792255476
125253,  0.26926,  0.27094,  0.500909,  -0.266478,  0.845301,  0.407703,  0.219623,  -0.439572,  -0.398879,  0.705402,  -0.198166,  0.965397,  -0.145319,  -0.0873033, 0.3, -0.0814278736383, -0.176574799357, -0.188876988199, 0.157660686773, 0.171664181399, 0.0462021828746, 0.241893797442, -0.17132644004, 0.3, -0.107173154909, 0.0678477359913, -0.122397339539, 0.26376759688, -0.073793943588, -0.0332910150955, -0.0945545858397, -0.282756323732
126733,  0.247275,  0.275314,  0.525531,  -0.27461,  0.840245,  0.414069,  0.217081,  -0.440993,  -0.393241,  0.699638,  -0.196069,  0.967212,  -0.141323,  -0.0780162, 0.3, -0.084511933123, -0.177665297149, -0.192375790356, 0.151881668835, 0.172984143656, 0.0412162581501, 0.244519307687, -0.168853570387, 0.3, -0.107168795464, 0.0619003074982, -0.120399364688, 0.264950883009, -0.0728355859151, -0.0286494637357, -0.0911914407805, -0.284364782201
128222,  0.233244,  0.27189,  0.530097,  -0.274555,  0.839355,  0.414441,  0.219868,  -0.439976,  -0.388975,  0.686134,  -0.194115,  0.968309,  -0.139631,  -0.0721134, 0.3, -0.0835960334697, -0.179000394969, -0.192942750536, 0.151715006357, 0.172498266258, 0.0424562507367, 0.244937257342, -0.167938103893, 0.3, -0.106736409345, 0.0581595090087, -0.118819527386, 0.265693534188, -0.0727245887066, -0.0256341467516, -0.0895225380058, -0.285181706477
129687,  0.225424,  0.264407,  0.524172,  -0.274231,  0.838931,  0.414338,  0.222073,  -0.438611,  -0.388541,  0.671993,  -0.192676,  0.9693,  -0.137969,  -0.0655637, 0.3, -0.082828541122, -0.179956902091, -0.193244451656, 0.151872866705, 0.172020970416, 0.0436077486063, 0.245100112473, -0.167404597091, 0.3, -0.106628991926, 0.0540804945926, -0.117483895438, 0.266304327803, -0.0726604383857, -0.0221805348726, -0.0878194914273, -0.285999581815
131207,  0.220845,  0.253459,  0.512694,  -0.273331,  0.838922,  0.414081,  0.223691,  -0.438715,  -0.389167,  0.659578,  -0.190641,  0.970287,  -0.136622,  -0.0594402, 0.3, -0.0820062606759, -0.180504159373, -0.193157614915, 0.152296356682, 0.171743866097, 0.0446868452865, 0.245113836719, -0.167099649632, 0.3, -0.106113433507, 0.0502319068498, -0.115858444586, 0.266994248468, -0.0727385187026, -0.0189769875025, -0.0863366116671, -0.286680769204
132702,  0.218935,  0.242474,  0.495622,  -0.272218,  0.839225,  0.413641,  0.224722,  -0.440177,  -0.391752,  0.647278,  -0.188688,  0.971033,  -0.136312,  -0.0539554, 0.3, -0.0812987432812, -0.180715690669, -0.192843812123, 0.152879104033, 0.171578680715, 0.0455950725269, 0.244986721867, -0.167040700041, 0.3, -0.105520462055, 0.0468677290394, -0.11434618075, 0.267489539228, -0.0733095993137, -0.0160032148426, -0.0855264783067, -0.287104717173
134157,  0.220194,  0.226655,  0.471332,  -0.274015,  0.84924,  0.395824,  0.216867,  -0.449242,  -0.391743,  0.640101,  -0.17969,  0.972951,  -0.138309,  -0.0441398, 0.3, -0.0881179365697, -0.175580178053, -0.191127257206, 0.160943586337, 0.166034736034, 0.0454262173578, 0.237344457007, -0.177775328729, 0.3, -0.101234795753, 0.0406791703235, -0.108560714799, 0.269149269898, -0.075981851225, -0.0108558726765, -0.0854996294859, -0.287353377196
135629,  0.221561,  0.2196,  0.448886,  -0.271619,  0.85023,  0.395536,  0.216527,  -0.452207,  -0.398876,  0.632539,  -0.177775,  0.973354,  -0.139097,  -0.0403679, 0.3, -0.0871765867638, -0.174919600905, -0.189949592949, 0.161864718233, 0.166490135232, 0.0459975673151, 0.237065509325, -0.178000472161, 0.3, -0.100453822094, 0.0384121547693, -0.107191889988, 0.269428829177, -0.0769285690058, -0.00873857700265, -0.0855402573954, -0.287413468085
137110,  0.225628,  0.212176,  0.426444,  -0.268696,  0.851801,  0.394496,  0.215894,  -0.453593,  -0.405864,  0.628541,  -0.1752,  0.973957,  -0.139125,  -0.0368362, 0.3, -0.0862237387234, -0.173938968649, -0.188426942752, 0.163305191629, 0.166813373661, 0.0467395462024, 0.236425212843, -0.178657587449, 0.3, -0.0993074630993, 0.036150946746, -0.105457267002, 0.269969515097, -0.0774288431718, -0.00690130525729, -0.0851732862539, -0.287572396614
138563,  0.233414,  0.205671,  0.406644,  -0.265563,  0.853621,  0.392976,  0.215353,  -0.454499,  -0.412271,  0.627477,  -0.172459,  0.97458,  -0.139106,  -0.033177, 0.3, -0.0852369925264, -0.172913911609, -0.186791308849, 0.165027635807, 0.16695773824, 0.047681995148, 0.235585514251, -0.179515717456, 0.3, -0.0980760349014, 0.0337942511086, -0.10361418152, 0.270544433005, -0.0779089927941, -0.00500613802859, -0.0847750030859, -0.287729278027
140068,  0.244509,  0.199763,  0.387978,  -0.262024,  0.855554,  0.391392,  0.214902,  -0.453766,  -0.416806,  0.62962,  -0.169337,  0.97514,  -0.139716,  -0.0301003, 0.3, -0.0840388722115, -0.171848653827, -0.184972001632, 0.166893407605, 0.167128540682, 0.0487837111875, 0.234699932798, -0.180377634609, 0.3, -0.096553109128, 0.0318066687361, -0.101599703224, 0.271082641104, -0.0786873687241, -0.00341575222105, -0.0848038844014, -0.28774404221
141537,  0.253216,  0.210582,  0.388303,  -0.263124,  0.856596,  0.389665,  0.212534,  -0.451678,  -0.415827,  0.625721,  -0.161757,  0.976442,  -0.140255,  -0.0269203, 0.3, -0.0855443035283, -0.170751514093, -0.184924731148, 0.167356230052, 0.166717533789, 0.0477153145346, 0.23382485838, -0.181794346343, 0.3, -0.0925023293053, 0.0293839898368, -0.0970331751695, 0.272497937791, -0.0795577577362, -0.00215932909906, -0.0847832116199, -0.287762305254
142992,  0.258549,  0.216659,  0.38535,  -0.261225,  0.857444,  0.38923,  0.212251,  -0.449261,  -0.415301,  0.62258,  -0.158749,  0.976956,  -0.140481,  -0.0249213, 0.3, -0.0848228796979, -0.170202109157, -0.183960307712, 0.168156797575, 0.166978731028, 0.0481900826739, 0.233513105647, -0.182069616968, 0.3, -0.0909538682832, 0.0279889320041, -0.0951550301926, 0.273038313017, -0.079972494357, -0.00122747686512, -0.084719970898, -0.287786413563
144472,  0.2608,  0.218878,  0.382897,  -0.259168,  0.858527,  0.388482,  0.211769,  -0.447686,  -0.415116,  0.619649,  -0.155761,  0.977492,  -0.140445,  -0.022879, 0.3, -0.0841404813877, -0.169494728808, -0.182862512737, 0.169148345586, 0.167182949552, 0.0486763303611, 0.233043379175, -0.182541497433, 0.3, -0.0894251032264, 0.0265439266876, -0.0932809912789, 0.27360823684, -0.0802320970642, -0.000292911392496, -0.0845084826881, -0.287851056202
145955,  0.261147,  0.219389,  0.378041,  -0.256812,  0.860022,  0.387185,  0.210943,  -0.447882,  -0.417117,  0.61624,  -0.15288,  0.978074,  -0.139828,  -0.0211365, 0.3, -0.0835140513089, -0.16850972317, -0.181522866964, 0.170481147988, 0.167289052091, 0.049189148578, 0.23229632243, -0.183354427946, 0.3, -0.0879435166118, 0.0252299878943, -0.0914900872259, 0.274245492984, -0.0801184967235, 0.000422306264834, -0.0839961157662, -0.288000823252
147390,  0.264279,  0.216876,  0.370364,  -0.254234,  0.861328,  0.386361,  0.210248,  -0.448381,  -0.418663,  0.613667,  -0.150275,  0.978569,  -0.139473,  -0.0191953, 0.3, -0.0826483498815, -0.167591172828, -0.180126313232, 0.17165413697, 0.167598832163, 0.0497198373841, 0.23174146699, -0.183912561419, 0.3, -0.0866262480906, 0.023845913545, -0.0898389160396, 0.274778850234, -0.0801595448391, 0.00130522637129, -0.0836210296859, -0.288107306014
148877,  0.268979,  0.21189,  0.363663,  -0.254787,  0.862699,  0.384591,  0.20718,  -0.449152,  -0.420605,  0.615447,  -0.139858,  0.980158,  -0.140102,  -0.0100993, 0.3, -0.0840749754064, -0.166033697808, -0.179690473487, 0.172303978995, 0.16739973883, 0.0484471261815, 0.230743878213, -0.185499699816, 0.3, -0.0814007600055, 0.0176959677197, -0.0830986776575, 0.276486714154, -0.0815457335972, 0.0058172824047, -0.0832406941758, -0.288161666532
150346,  0.277778,  0.205336,  0.355481,  -0.251245,  0.863892,  0.384078,  0.207487,  -0.447739,  -0.42099,  0.618717,  -0.137125,  0.980544,  -0.140225,  -0.00821752, 0.3, -0.0824143954071, -0.165446388332, -0.178043806383, 0.173616049583, 0.167803070102, 0.0496491993005, 0.230359142985, -0.185659964053, 0.3, -0.0799828461756, 0.0163715896153, -0.0813656077408, 0.276920219016, -0.0818219419043, 0.00670242537075, -0.0831741343067, -0.28816165754
151822,  0.284963,  0.24089,  0.369545,  -0.251537,  0.864181,  0.383787,  0.206464,  -0.438489,  -0.408229,  0.606746,  -0.134752,  0.980836,  -0.140561,  -0.00676181, 0.3, -0.082881219012, -0.164975419164, -0.177967104815, 0.173661943573, 0.167836941578, 0.0491314054017, 0.230156974453, -0.186048037113, 0.3, -0.0787314619677, 0.0153438542051, -0.0798719975539, 0.277250713121, -0.082173633732, 0.00738518599513, -0.0832670341156, -0.288118135593
153292,  0.271023,  0.256605,  0.390864,  -0.254341,  0.863078,  0.384724,  0.205897,  -0.43522,  -0.396842,  0.592036,  -0.132334,  0.981243,  -0.140068,  -0.00562114, 0.3, -0.0841816374952, -0.165333901998, -0.17923794309, 0.172378746034, 0.167807412448, 0.047912493132, 0.230649127083, -0.185756219755, 0.3, -0.0774386231716, 0.0144308669061, -0.0783834326638, 0.2777212175, -0.0820180640719, 0.00781202676725, -0.0829107049274, -0.288209623792
154764,  0.258693,  0.259576,  0.400961,  -0.257304,  0.862447,  0.384708,  0.204889,  -0.432668,  -0.387991,  0.575007,  -0.130342,  0.981504,  -0.140161,  -0.0038838, 0.3, -0.0858531818268, -0.165415698972, -0.180440113928, 0.171476634, 0.167442913489, 0.0466314012434, 0.230705429417, -0.186012142764, 0.3, -0.0764321535467, 0.0132485070707, -0.0770853827353, 0.278019499516, -0.0822374711281, 0.00867414571814, -0.0828449382474, -0.288203878188
156264,  0.247026,  0.254546,  0.401312,  -0.259806,  0.861876,  0.385212,  0.20318,  -0.432405,  -0.384714,  0.556534,  -0.126159,  0.98185,  -0.141604,  0.0019651, 0.3, -0.0873919271092, -0.165117846687, -0.181312795415, 0.170467507814, 0.167530591231, 0.0450213553432, 0.230875463953, -0.186197738191, 0.3, -0.0744884083836, 0.00956110112817, -0.0741544895165, 0.278419351438, -0.0835689920338, 0.0118764187723, -0.0832714942911, -0.287966680218
157733,  0.235546,  0.259142,  0.401568,  -0.263649,  0.861784,  0.3841,  0.200711,  -0.430806,  -0.380386,  0.531833,  -0.125527,  0.98157,  -0.14401,  0.00492316, 0.3, -0.0900692212136, -0.164542237066, -0.182580919294, 0.169773859458, 0.166856359047, 0.0430211610555, 0.230357053365, -0.187309390225, 0.3, -0.0743535271068, 0.00794683177332, -0.0735027458194, 0.278102451147, -0.0851843472883, 0.0137457442672, -0.0844427597412, -0.287542127073
159185,  0.221271,  0.257483,  0.398424,  -0.267994,  0.861762,  0.38276,  0.197587,  -0.429554,  -0.380081,  0.506523,  -0.124459,  0.981286,  -0.146694,  0.00826252, 0.3, -0.0931911528113, -0.163710150656, -0.183945199481, 0.169004447336, 0.166137474306, 0.0406173359307, 0.229680007442, -0.188672536962, 0.3, -0.0740051873356, 0.00608969810598, -0.0725507123037, 0.277794488957, -0.0869862980563, 0.0158191757001, -0.0857522836589, -0.287047556212
160648,  0.211942,  0.248711,  0.388571,  -0.272231,  0.862073,  0.380947,  0.193906,  -0.426523,  -0.379733,  0.482975,  -0.122994,  0.981247,  -0.147986,  0.0112273, 0.3, -0.0964890777413, -0.162520070088, -0.185130592601, 0.168461763764, 0.165370184232, 0.0380733369718, 0.228714870584, -0.19036787803, 0.3, -0.073409451559, 0.00431078523189, -0.0714156699182, 0.277783552033, -0.0879551039463, 0.0175309023625, -0.0862980338239, -0.286784443128
162122,  0.209588,  0.236266,  0.37223,  -0.276453,  0.862686,  0.37861,  0.189738,  -0.424034,  -0.380194,  0.461396,  -0.121124,  0.981379,  -0.14843,  0.0138543, 0.3, -0.0999933134881, -0.161011402681, -0.186197407076, 0.168136849716, 0.164500836976, 0.0354098875145, 0.227445239619, -0.192392314922, 0.3, -0.0725550263555, 0.00262927192241, -0.0700873518124, 0.277978488791, -0.0884065771627, 0.0189448683348, -0.0863928696146, -0.286665945036
163568,  0.213641,  0.220607,  0.346644,  -0.276463,  0.860572,  0.384222,  0.188039,  -0.425502,  -0.381672,  0.448678,  -0.119326,  0.981098,  -0.151343,  0.0174152, 0.3, -0.0994004415715, -0.160826371154, -0.186098805066, 0.165565155676, 0.167198726008, 0.0333587199383, 0.229581644391, -0.190209001792, 0.3, -0.0718237030963, 0.000583882172968, -0.0686609006737, 0.277713960637, -0.0903362429259, 0.0210871041998, -0.0878425394716, -0.286075203916
165029,  0.220841,  0.206356,  0.324075,  -0.279909,  0.861538,  0.381904,  0.183172,  -0.429484,  -0.386056,  0.437559,  -0.117703,  0.981151,  -0.151954,  0.0199538, 0.3, -0.102718931855, -0.158824895198, -0.186663923885, 0.165480093951, 0.166652086773, 0.0305467807811, 0.228177912043, -0.192358349544, 0.3, -0.0711099244055, -0.00101535005221, -0.067471450746, 0.277833579286, -0.0908631143837, 0.022477891781, -0.0880447662971, -0.285907088945
166535,  0.228368,  0.195493,  0.29992,  -0.282653,  0.862489,  0.380073,  0.178224,  -0.435709,  -0.392758,  0.433038,  -0.11577,  0.981207,  -0.152633,  0.0231177, 0.3, -0.105628260567, -0.156687121829, -0.186914076081, 0.165390979901, 0.166460061066, 0.0277724997098, 0.226910762938, -0.194268355434, 0.3, -0.0702736355327, -0.0030077525921, -0.0660394116346, 0.27798030954, -0.0914644390962, 0.0242121155128, -0.0882528393721, -0.285701259719
168012,  0.237206,  0.187299,  0.279069,  -0.284854,  0.863566,  0.378175,  0.173484,  -0.442259,  -0.399875,  0.433867,  -0.114387,  0.981032,  -0.154391,  0.0256087, 0.3, -0.108229635166, -0.154523562429, -0.186958325237, 0.165505264281, 0.166296699064, 0.0252541065616, 0.22559776942, -0.196132293452, 0.3, -0.0697025972739, -0.00447757602198, -0.0649580965554, 0.277847432353, -0.0926350367121, 0.0256699521942, -0.0891198758304, -0.28530457635
169475,  0.243485,  0.189578,  0.27008,  -0.287796,  0.864539,  0.376019,  0.168392,  -0.445429,  -0.40442,  0.435244,  -0.112611,  0.980943,  -0.15573,  0.0286112, 0.3, -0.111295323115, -0.15227887227, -0.187277604423, 0.16546995475, 0.165972265625, 0.0224188039101, 0.224127296704, -0.198152345693, 0.3, -0.0689522986732, -0.00631742189084, -0.0636055565546, 0.277840176487, -0.0935904349019, 0.0273616974447, -0.0897241151387, -0.28495775244
170958,  0.252678,  0.189167,  0.264783,  -0.29678,  0.870397,  0.36023,  0.156735,  -0.4464,  -0.40696,  0.445886,  -0.110582,  0.980608,  -0.158631,  0.031867, 0.3, -0.121113364358, -0.145998320325, -0.188866087719, 0.169293694286, 0.160216247567, 0.0177075541321, 0.216035177804, -0.207401167976, 0.3, -0.0680956312656, -0.00822438337147, -0.0620295167247, 0.277564690172, -0.0954472724841, 0.0292744689825, -0.0912185714221, -0.284292415821
172421,  0.259705,  0.186307,  0.264348,  -0.298073,  0.870821,  0.359646,  0.153227,  -0.446216,  -0.408496,  0.457748,  -0.109473,  0.980192,  -0.161233,  0.0352604, 0.3, -0.122676390527, -0.144380360715, -0.188805331545, 0.169084408466, 0.160508596635, 0.0157395086726, 0.215315967872, -0.208305789276, 0.3, -0.0677938145412, -0.0101467803554, -0.0609716469356, 0.2772117508, -0.0971396082363, 0.0313275711089, -0.0925075344407, -0.283656375497
173893,  0.266222,  0.183848,  0.266763,  -0.298745,  0.871511,  0.358643,  0.150316,  -0.445672,  -0.411616,  0.474312,  -0.108968,  0.979891,  -0.162919,  0.0373699, 0.3, -0.123869900733, -0.142886953251, -0.188561657602, 0.169275934827, 0.160593147958, 0.0143155509671, 0.214480548258, -0.209268151948, 0.3, -0.0677190509285, -0.011319288235, -0.0604131272401, 0.276950013283, -0.0982290394928, 0.0326228478503, -0.0933424891674, -0.283236525742
175353,  0.27344,  0.183446,  0.272526,  -0.298589,  0.872708,  0.35688,  0.14786,  -0.444914,  -0.415531,  0.495434,  -0.108215,  0.979739,  -0.164167,  0.0380878, 0.3, -0.124687569728, -0.141359349415, -0.188009466543, 0.170088837322, 0.160381507377, 0.0134868900078, 0.213360721253, -0.210464501577, 0.3, -0.0673650971979, -0.0117304570916, -0.059861788955, 0.276803237037, -0.0989774428292, 0.0330488451716, -0.0940314396646, -0.28295911752
176863,  0.281006,  0.182538,  0.281118,  -0.297599,  0.873933,  0.35535,  0.146296,  -0.442778,  -0.419095,  0.521029,  -0.107959,  0.979583,  -0.164758,  0.0402027, 0.3, -0.124857157562, -0.140162796702, -0.187240685692, 0.171096752808, 0.160208697642, 0.0132606559196, 0.212453739398, -0.211394332044, 0.3, -0.067427147259, -0.0129568705899, -0.059478683193, 0.27671978077, -0.0994406816951, 0.0343014129243, -0.0942323869106, -0.282743117208
178360,  0.287565,  0.19896,  0.304609,  -0.298139,  0.877533,  0.346857,  0.144011,  -0.435168,  -0.418616,  0.540031,  -0.10735,  0.979949,  -0.163296,  0.0388556, 0.3, -0.127005355647, -0.137871605703, -0.186946825199, 0.174482011923, 0.156865904719, 0.0137776837749, 0.208388260591, -0.215370630025, 0.3, -0.0669255332537, -0.0123280157769, -0.0593115718647, 0.277086222728, -0.0985157988205, 0.0333638189845, -0.0935104174571, -0.283094785204
179868,  0.283593,  0.222627,  0.340408,  -0.300615,  0.878071,  0.344151,  0.142064,  -0.431113,  -0.410923,  0.553845,  -0.106847,  0.979916,  -0.163563,  0.0399446, 0.3, -0.129041888223, -0.136919518285, -0.18771164061, 0.174714445398, 0.155689442638, 0.0127711934896, 0.206937318174, -0.216826757951, 0.3, -0.0667407211047, -0.012999681107, -0.058900571357, 0.277098519879, -0.098727569475, 0.0339711385778, -0.0936060170451, -0.282990945644
181373,  0.279449,  0.234359,  0.374969,  -0.302282,  0.878021,  0.343089,  0.141402,  -0.43081,  -0.40309,  0.569423,  -0.105844,  0.980165,  -0.162767,  0.0397686, 0.3, -0.13013790061, -0.136718150294, -0.188354073025, 0.174549302211, 0.155097660435, 0.0122665793828, 0.206389602263, -0.217377236867, 0.3, -0.0661304927048, -0.0130511144044, -0.0583628817481, 0.277382393836, -0.0982485705943, 0.0337245857889, -0.0931974544952, -0.283155234437
182814,  0.276809,  0.237706,  0.405206,  -0.303191,  0.877838,  0.342701,  0.141536,  -0.429925,  -0.394592,  0.584879,  -0.104678,  0.980399,  -0.162192,  0.0394334, 0.3, -0.130588733266, -0.136889619974, -0.188794124012, 0.174378839665, 0.154753995152, 0.012205082995, 0.206248886108, -0.217514213163, 0.3, -0.0654131328895, -0.0130095070714, -0.0577382015411, 0.277641783458, -0.0978843203015, 0.033383009323, -0.0929309535283, -0.283283272653
184277,  0.273458,  0.240551,  0.434943,  -0.304213,  0.87743,  0.342438,  0.142503,  -0.42886,  -0.385971,  0.599195,  -0.103925,  0.980653,  -0.161145,  0.0393876, 0.3, -0.130876322697, -0.137526320725, -0.18943446266, 0.174114380324, 0.154268489722, 0.0125173915613, 0.20629001605, -0.217457453739, 0.3, -0.0649568992918, -0.0131271469321, -0.0573403600525, 0.277939125732, -0.0972724292708, 0.033223543779, -0.0923604007224, -0.283488540363
185759,  0.278022,  0.234007,  0.452174,  -0.301405,  0.878639,  0.341099,  0.144222,  -0.422461,  -0.381099,  0.618582,  -0.103648,  0.980896,  -0.160865,  0.0349527, 0.3, -0.129379327351, -0.137716813604, -0.188412104539, 0.175683896347, 0.153740194573, 0.0143460781529, 0.205903273938, -0.217710890456, 0.3, -0.0643744020976, -0.0105669862622, -0.0576271967912, 0.278027706771, -0.0968488536716, 0.0305750066897, -0.0925015168637, -0.283740441855
187259,  0.284379,  0.228814,  0.470452,  -0.300811,  0.878275,  0.341686,  0.146276,  -0.4234,  -0.378542,  0.636791,  -0.10268,  0.981318,  -0.158868,  0.0351168, 0.3, -0.128528563008, -0.138752045651, -0.188505103169, 0.175658079677, 0.153655670651, 0.0154125844782, 0.206457374621, -0.217112424113, 0.3, -0.0638043733399, -0.0108889043328, -0.0571096532837, 0.27853067495, -0.0957034514198, 0.0304639753919, -0.0913765016542, -0.284116668199
188716,  0.292545,  0.222663,  0.482737,  -0.299388,  0.877828,  0.342874,  0.149071,  -0.423434,  -0.377751,  0.656523,  -0.102318,  0.981525,  -0.157628,  0.0359584, 0.3, -0.127019170317, -0.140106647243, -0.188354259592, 0.175682536787, 0.153812610542, 0.0169238034434, 0.207368697349, -0.216129147125, 0.3, -0.0636574422715, -0.0114995333594, -0.0568557807244, 0.278810662, -0.0950370188587, 0.0308533535009, -0.0906219884949, -0.284316242552
190214,  0.290746,  0.237143,  0.50995,  -0.30111,  0.877102,  0.342407,  0.150937,  -0.419928,  -0.369787,  0.664624,  -0.101468,  0.981424,  -0.158176,  0.0386182, 0.3, -0.127453419231, -0.141293634721, -0.189471701376, 0.175254088897, 0.152926383278, 0.0175709892678, 0.207464768699, -0.215985254323, 0.3, -0.0634149721553, -0.0131106177306, -0.056084804063, 0.278810755307, -0.0954937562274, 0.0323703837472, -0.0907915416311, -0.284093389969
191676,  0.286123,  0.240814,  0.530965,  -0.302896,  0.876364,  0.34181,  0.15299,  -0.419079,  -0.362896,  0.670121,  -0.100909,  0.981275,  -0.1589,  0.0408333, 0.3, -0.127892200402, -0.14256470553, -0.190644423247, 0.174851945169, 0.151925972616, 0.0183252304612, 0.207534051054, -0.215855978795, 0.3, -0.0633047455832, -0.0144205564059, -0.05551865054, 0.278740894411, -0.0960270442384, 0.0336618879837, -0.0910825063862, -0.283850056064
193128,  0.278426,  0.238094,  0.546764,  -0.306607,  0.879732,  0.330183,  0.151802,  -0.417869,  -0.359958,  0.676118,  -0.0989145,  0.981522,  -0.15807,  0.0429412, 0.3, -0.131765610491, -0.140868770206, -0.19191248378, 0.178182910678, 0.146357264637, 0.0193851772469, 0.202209481069, -0.220761275293, 0.3, -0.0623247097923, -0.0159073970749, -0.0541794478422, 0.279137869444, -0.095638053481, 0.034669902854, -0.0905410425797, -0.283901950407
194611,  0.269384,  0.243656,  0.564988,  -0.308218,  0.878264,  0.331389,  0.154388,  -0.418869,  -0.357948,  0.675558,  -0.0979922,  0.981119,  -0.160072,  0.046681, 0.3, -0.131720531932, -0.142640041682, -0.193115494629, 0.177109835568, 0.146077075133, 0.0200720142938, 0.203179249956, -0.219807430788, 0.3, -0.0621686526192, -0.0180683009816, -0.0532018595292, 0.278864671626, -0.0969745175878, 0.0368912863897, -0.0914852641154, -0.283318688826
196091,  0.261669,  0.247643,  0.576253,  -0.309612,  0.877007,  0.332247,  0.156878,  -0.422303,  -0.356492,  0.674594,  -0.0971866,  0.980545,  -0.16298,  0.0502422, 0.3, -0.131645834653, -0.144270508676, -0.194192550728, 0.176251360274, 0.14568703183, 0.0208292749943, 0.203972626154, -0.219000705668, 0.3, -0.0620905545664, -0.0200551497054, -0.0522643908868, 0.278395381243, -0.0988152070683, 0.0390625068486, -0.0929557676336, -0.282547953138
197567,  0.241191,  0.255888,  0.592205,  -0.312772,  0.87501,  0.333455,  0.159183,  -0.427132,  -0.353975,  0.664084,  -0.0965449,  0.979763,  -0.16686,  0.0538699, 0.3, -0.132358918074, -0.146149220276, -0.19605534041, 0.174588899588, 0.145193042662, 0.0209947916829, 0.204938607751, -0.218081144933, 0.3, -0.0621478691872, -0.0220021367389, -0.051361398701, 0.277702108764, -0.101210402189, 0.0413335020179, -0.0949693695007, -0.281553477101
199062,  0.22309,  0.254968,  0.597191,  -0.315965,  0.873613,  0.333396,  0.160663,  -0.431143,  -0.353807,  0.649245,  -0.0958199,  0.978963,  -0.170682,  0.0575959, 0.3, -0.133480165154, -0.14741939197, -0.197757508244, 0.173407814981, 0.144297254432, 0.0210095109815, 0.205213974217, -0.217820626283, 0.3, -0.0621808543969, -0.0240177223401, -0.0503841500824, 0.277011712741, -0.103566154823, 0.0436434079835, -0.096943552394, -0.280530213326
200509,  0.207381,  0.25137,  0.593733,  -0.324495,  0.88411,  0.302787,  0.146192,  -0.425256,  -0.357389,  0.635051,  -0.0897692,  0.979705,  -0.169375,  0.0585825, 0.3, -0.14557460568, -0.13650166534, -0.198692673293, 0.181813765195, 0.132155122358, 0.0185981730165, 0.189081434749, -0.232168729578, 0.3, -0.0587218354914, -0.0253133409804, -0.0468149447028, 0.27795216439, -0.102717842965, 0.0435589273002, -0.0964071592121, -0.280728123823
201994,  0.202326,  0.24095,  0.582849,  -0.326905,  0.88342,  0.302079,  0.146457,  -0.427513,  -0.360556,  0.62002,  -0.0879138,  0.97927,  -0.171693,  0.0618307, 0.3, -0.146731823245, -0.136880623339, -0.199821769267, 0.181128738261, 0.131391174372, 0.0183791600798, 0.188844253879, -0.232379117503, 0.3, -0.0580243419096, -0.0272728568378, -0.0452852650167, 0.27767560854, -0.104141736082, 0.0453858760685, -0.0976188105219, -0.280019088788
203444,  0.199875,  0.232759,  0.56683,  -0.328871,  0.882679,  0.302068,  0.146547,  -0.431487,  -0.366583,  0.60756,  -0.0860633,  0.97871,  -0.174579,  0.0651382, 0.3, -0.147612300691, -0.137217294046, -0.200732920862, 0.18035920762, 0.131060484926, 0.0180075423879, 0.188894586771, -0.232367303005, 0.3, -0.0573616089677, -0.029235909421, -0.0437155079964, 0.277269190696, -0.105880830425, 0.0472657057882, -0.0991536267998, -0.279167532763
204915,  0.197893,  0.223794,  0.54571,  -0.330075,  0.881924,  0.302944,  0.146578,  -0.437065,  -0.374801,  0.597907,  -0.084388,  0.978302,  -0.176415,  0.0684268, 0.3, -0.148017738764, -0.13755898976, -0.201303669524, 0.179565211135, 0.131275159822, 0.0175658557571, 0.189333261635, -0.232043868159, 0.3, -0.0567770428313, -0.0312328404956, -0.0422912350616, 0.277053862095, -0.107016862855, 0.0490976002983, -0.100087586172, -0.278517325743
206377,  0.19997,  0.21965,  0.521641,  -0.33061,  0.881314,  0.304207,  0.146428,  -0.442458,  -0.383075,  0.592553,  -0.0826755,  0.978068,  -0.17757,  0.0708326, 0.3, -0.148096020612, -0.137773698938, -0.201549306521, 0.178893125477, 0.131814743856, 0.017085095295, 0.189907394105, -0.231610192312, 0.3, -0.0560639690598, -0.0327590264463, -0.0409706845742, 0.276980208192, -0.107718927192, 0.0503758418883, -0.100691586755, -0.27807099617
207876,  0.202082,  0.21673,  0.497175,  -0.332542,  0.883456,  0.298303,  0.141196,  -0.445525,  -0.394036,  0.593605,  -0.0818587,  0.977551,  -0.179577,  0.0737968, 0.3, -0.151000269794, -0.134363281305, -0.201543314639, 0.180258644251, 0.129950427075, 0.0153253112566, 0.186294765613, -0.234647384686, 0.3, -0.0559639196474, -0.0344640943952, -0.0400612807735, 0.276630768264, -0.108951878518, 0.052104010283, -0.101702791248, -0.277383695204
209375,  0.20741,  0.21491,  0.473894,  -0.331902,  0.883412,  0.299201,  0.141077,  -0.450343,  -0.402023,  0.597617,  -0.0807083,  0.977444,  -0.180484,  0.0742648, 0.3, -0.150597549641, -0.13436076101, -0.201250022353, 0.180191853384, 0.130496453887, 0.0151942278545, 0.186684959266, -0.234345602527, 0.3, -0.0553748523545, -0.0348138640592, -0.0392905279887, 0.276547025551, -0.109444036244, 0.0522937263387, -0.102251495763, -0.27714616685
210833,  0.210616,  0.215289,  0.453305,  -0.330609,  0.883622,  0.30002,  0.141059,  -0.452617,  -0.409335,  0.605194,  -0.0800887,  0.977395,  -0.18105,  0.0741994, 0.3, -0.149887750001, -0.134299316709, -0.200672385998, 0.180411388315, 0.131081365817, 0.0152721172928, 0.187043827394, -0.234054201131, 0.3, -0.0550272666239, -0.0348132436494, -0.0389067023901, 0.276484014802, -0.109739956571, 0.0522133174067, -0.102608915242, -0.277029204234
212314,  0.201259,  0.247966,  0.459839,  -0.331402,  0.881785,  0.304414,  0.141283,  -0.446747,  -0.408829,  0.596776,  -0.0794814,  0.977787,  -0.179663,  0.0730563, 0.3, -0.149529947843, -0.135278669338, -0.201140132217, 0.178503000817, 0.13296362627, 0.0142186810738, 0.18914934152, -0.232422795163, 0.3, -0.0545047965962, -0.0342921552586, -0.0387541912123, 0.276842364923, -0.108887178525, 0.0514279829252, -0.101919243187, -0.277430406482
213806,  0.189076,  0.265804,  0.466694,  -0.332541,  0.879833,  0.308628,  0.141633,  -0.441742,  -0.407304,  0.588031,  -0.0789892,  0.97825,  -0.177745,  0.0720699, 0.3, -0.149321066156, -0.136346805138, -0.201775317004, 0.176499240106, 0.13466528762, 0.0131891439209, 0.191183779238, -0.230813364082, 0.3, -0.0540487651461, -0.0338774763585, -0.0386766834641, 0.277300446211, -0.107743105056, 0.0507254036401, -0.100911810593, -0.277927580331
215286,  0.182526,  0.274244,  0.461331,  -0.327705,  0.87859,  0.312988,  0.150757,  -0.433346,  -0.406985,  0.575988,  -0.0741493,  0.982436,  -0.160827,  0.0587857, 0.3, -0.144439905619, -0.1410127787, -0.201062057332, 0.17678878123, 0.135350566797, 0.0179315139682, 0.194635147123, -0.227586511707, 0.3, -0.0493807767305, -0.0274967954764, -0.0380355799443, 0.281181928693, -0.0974167215349, 0.0418070512029, -0.0921860177348, -0.282407345166
216788,  0.182555,  0.273261,  0.459167,  -0.32849,  0.877177,  0.316085,  0.150815,  -0.427003,  -0.40735,  0.569536,  -0.0739488,  0.982871,  -0.158292,  0.058657, 0.3, -0.144284099289, -0.141673317918, -0.201488526937, 0.175310763196, 0.136632755299, 0.0170764115234, 0.1960822149, -0.22640706961, 0.3, -0.0491801981598, -0.0275680336362, -0.0380382867789, 0.281685145804, -0.0959508591536, 0.0416146261371, -0.0907457257526, -0.282901813619
218282,  0.189778,  0.268398,  0.453412,  -0.329033,  0.876105,  0.318482,  0.150819,  -0.421537,  -0.405483,  0.565942,  -0.0733114,  0.983226,  -0.156427,  0.0584968, 0.3, -0.144140614714, -0.142154643315, -0.201780387977, 0.174183880372, 0.137639568607, 0.0164053178586, 0.197188891696, -0.225493695117, 0.3, -0.0487393305913, -0.0276286372014, -0.0377587472005, 0.282093605241, -0.0948550203822, 0.041390106909, -0.0897088375545, -0.283265217622
219741,  0.198425,  0.262207,  0.445687,  -0.329179,  0.875355,  0.320379,  0.15084,  -0.420661,  -0.404582,  0.565517,  -0.0722523,  0.983561,  -0.154716,  0.0587393, 0.3, -0.143893422875, -0.142500266823, -0.201884550152, 0.173399165264, 0.138475116522, 0.0159458960589, 0.198059113245, -0.224762799546, 0.3, -0.0480914732725, -0.0279570591948, -0.0371859816252, 0.282505538371, -0.093850005648, 0.0413713636578, -0.0887571461238, -0.283567592085
221227,  0.208682,  0.254811,  0.435388,  -0.328899,  0.874854,  0.321893,  0.151132,  -0.422095,  -0.404107,  0.568076,  -0.0712132,  0.983771,  -0.153723,  0.059105, 0.3, -0.143454155346, -0.14285322398, -0.201832151388, 0.17292621403, 0.139141320848, 0.0158088884295, 0.198789913767, -0.224126413506, 0.3, -0.0474859264001, -0.0283191825143, -0.036582978301, 0.282778766496, -0.0932622909747, 0.0414556992823, -0.0882114279056, -0.283725516977
222707,  0.217774,  0.246837,  0.425124,  -0.334056,  0.880718,  0.30449,  0.141521,  -0.426876,  -0.404734,  0.578545,  -0.0709297,  0.983662,  -0.15417,  0.0600747, 0.3, -0.150670447747, -0.135814087516, -0.202380524953, 0.17741545238, 0.132536336061, 0.0137540289302, 0.18926746533, -0.232354585183, 0.3, -0.0474195729052, -0.028894800528, -0.0363055054495, 0.28272034135, -0.0935474150411, 0.0420170877872, -0.0884341149801, -0.283573573595